,_IM_PROGRAM,_IM_OPERATOR,_IM_SOURCE_PRIMITIVE_ARC,_IM_TARGET_PRIMITIVE_ARC,_IM_DISTANCE_BEGIN_MIN,_IM_DISTANCE_BEGIN_MAX,_IM_DISTANCE_BEGIN_AVG,_IM_DISTANCE_END_MIN,_IM_DISTANCE_END_MAX,_IM_DISTANCE_END_AVG,_IM_COMPLEXITY,_IM_TYPE_STATEMENT,_IM_EQUIVALENT,_IM_MINIMAL,PREDICTED,RESULT
0,tcas,u-CCDL,0,1,0.25,0.125,0.1851851851851852,0.2,0.125,0.18181818181818185,0.0,Assignment,1,0,1,0
1,tcas,u-Ccsr,1,0,0.0,0.0,0.0,0.4,0.25,0.3636363636363637,1.0,Assignment,0,0,0,1
2,tcas,u-Ccsr,1,0,0.0,0.0,0.0,0.4,0.25,0.3636363636363637,1.0,If,0,0,1,0
3,tcas,u-Ccsr,0,1,0.25,0.125,0.1851851851851852,0.2,0.125,0.18181818181818185,0.2589703588143526,Assignment,0,0,0,1
4,tcas,u-Ccsr,0,1,0.25,0.125,0.1851851851851852,0.2,0.125,0.18181818181818185,0.0,Assignment,1,0,0,1
5,tcas,u-Ccsr,0,1,0.25,0.125,0.1851851851851852,0.2,0.125,0.18181818181818185,0.0,Assignment,1,0,0,1
6,tcas,u-Ccsr,0,0,0.5,0.25,0.3703703703703704,0.0,0.0,0.0,0.0062402496099844,Return,0,0,0,1
7,tcas,u-CRCR,1,0,0.0,0.0,0.0,0.4,0.25,0.3636363636363637,1.0,Assignment,0,0,0,1
8,tcas,u-CRCR,1,0,0.0,0.0,0.0,0.4,0.25,0.3636363636363637,1.0,Assignment,0,0,0,1
9,tcas,u-CRCR,1,0,0.0,0.0,0.0,0.4,0.25,0.3636363636363637,1.0,Assignment,0,0,0,1
10,tcas,u-CRCR,1,0,0.0,0.0,0.0,0.4,0.25,0.3636363636363637,1.0,Assignment,0,0,0,1
11,tcas,u-CRCR,1,0,0.0,0.0,0.0,0.4,0.25,0.3636363636363637,1.0,Assignment,0,0,0,1
12,tcas,u-CRCR,1,0,0.0,0.0,0.0,0.4,0.25,0.3636363636363637,1.0,If,0,0,0,1
13,tcas,u-CRCR,1,0,0.0,0.0,0.0,0.4,0.25,0.3636363636363637,1.0,If,0,0,0,1
14,tcas,u-CRCR,1,0,0.0,0.0,0.0,0.4,0.25,0.3636363636363637,1.0,If,0,0,0,1
15,tcas,u-CRCR,1,0,0.0,0.0,0.0,0.4,0.25,0.3636363636363637,1.0,If,0,0,0,1
16,tcas,u-CRCR,1,0,0.0,0.0,0.0,0.4,0.25,0.3636363636363637,1.0,If,0,0,0,1
17,tcas,u-CRCR,0,1,0.25,0.125,0.1851851851851852,0.2,0.125,0.18181818181818185,0.2589703588143526,Assignment,0,0,0,1
18,tcas,u-CRCR,0,1,0.25,0.125,0.1851851851851852,0.2,0.125,0.18181818181818185,0.2589703588143526,Assignment,0,0,0,1
19,tcas,u-CRCR,0,1,0.25,0.125,0.1851851851851852,0.2,0.125,0.18181818181818185,0.2589703588143526,Assignment,0,0,0,1
20,tcas,u-CRCR,0,1,0.25,0.125,0.1851851851851852,0.2,0.125,0.18181818181818185,0.2589703588143526,Assignment,0,0,0,1
21,tcas,u-CRCR,0,1,0.25,0.125,0.1851851851851852,0.2,0.125,0.18181818181818185,0.2589703588143526,Assignment,0,0,0,1
22,tcas,u-CRCR,0,1,0.25,0.125,0.1851851851851852,0.2,0.125,0.18181818181818185,0.0,Assignment,1,0,0,1
23,tcas,u-CRCR,0,1,0.25,0.125,0.1851851851851852,0.2,0.125,0.18181818181818185,0.0,Assignment,1,0,0,1
24,tcas,u-CRCR,0,1,0.25,0.125,0.1851851851851852,0.2,0.125,0.18181818181818185,0.0,Assignment,1,0,0,1
25,tcas,u-CRCR,0,1,0.25,0.125,0.1851851851851852,0.2,0.125,0.18181818181818185,0.0,Assignment,1,0,0,1
26,tcas,u-CRCR,0,1,0.25,0.125,0.1851851851851852,0.2,0.125,0.18181818181818185,0.0,Assignment,1,0,0,1
27,tcas,u-CRCR,0,1,0.25,0.125,0.1851851851851852,0.2,0.125,0.18181818181818185,0.0,Assignment,1,0,0,1
28,tcas,u-CRCR,0,1,0.25,0.125,0.1851851851851852,0.2,0.125,0.18181818181818185,0.0,Assignment,1,0,0,1
29,tcas,u-CRCR,0,1,0.25,0.125,0.1851851851851852,0.2,0.125,0.18181818181818185,0.0,Assignment,1,0,0,1
30,tcas,u-CRCR,0,1,0.25,0.125,0.1851851851851852,0.2,0.125,0.18181818181818185,0.0,Assignment,1,0,0,1
31,tcas,u-CRCR,0,1,0.25,0.125,0.1851851851851852,0.2,0.125,0.18181818181818185,0.0,Assignment,1,0,0,1
32,tcas,u-CRCR,0,0,0.5,0.25,0.3703703703703704,0.0,0.0,0.0,0.0062402496099844,Return,0,0,0,1
33,tcas,u-CRCR,0,0,0.5,0.25,0.3703703703703704,0.0,0.0,0.0,0.0062402496099844,Return,0,0,0,1
34,tcas,u-CRCR,0,0,0.5,0.25,0.3703703703703704,0.0,0.0,0.0,0.0062402496099844,Return,0,0,0,1
35,tcas,u-CRCR,0,0,0.5,0.25,0.3703703703703704,0.0,0.0,0.0,0.0062402496099844,Return,0,0,0,1
36,tcas,u-CRCR,0,0,0.5,0.25,0.3703703703703704,0.0,0.0,0.0,0.0062402496099844,Return,0,0,0,1
37,tcas,u-OCNG,1,0,0.0,0.0,0.0,0.4,0.25,0.3636363636363637,1.0,If,0,0,0,1
38,tcas,u-OEAA,1,0,0.0,0.0,0.0,0.4,0.25,0.3636363636363637,1.0,Assignment,1,0,1,0
39,tcas,u-OEAA,1,0,0.0,0.0,0.0,0.4,0.25,0.3636363636363637,1.0,Assignment,0,0,1,0
40,tcas,u-OEAA,1,0,0.0,0.0,0.0,0.4,0.25,0.3636363636363637,1.0,Assignment,0,0,1,0
41,tcas,u-OEAA,1,0,0.0,0.0,0.0,0.4,0.25,0.3636363636363637,1.0,Assignment,0,0,1,0
42,tcas,u-OEAA,1,0,0.0,0.0,0.0,0.4,0.25,0.3636363636363637,1.0,Assignment,0,0,1,0
43,tcas,u-OEAA,0,1,0.25,0.125,0.1851851851851852,0.2,0.125,0.18181818181818185,0.2589703588143526,Assignment,1,0,1,0
44,tcas,u-OEAA,0,1,0.25,0.125,0.1851851851851852,0.2,0.125,0.18181818181818185,0.2589703588143526,Assignment,0,0,1,0
45,tcas,u-OEAA,0,1,0.25,0.125,0.1851851851851852,0.2,0.125,0.18181818181818185,0.2589703588143526,Assignment,0,0,1,0
46,tcas,u-OEAA,0,1,0.25,0.125,0.1851851851851852,0.2,0.125,0.18181818181818185,0.2589703588143526,Assignment,0,0,1,0
47,tcas,u-OEAA,0,1,0.25,0.125,0.1851851851851852,0.2,0.125,0.18181818181818185,0.2589703588143526,Assignment,0,0,1,0
48,tcas,u-OEAA,0,1,0.25,0.125,0.1851851851851852,0.2,0.125,0.18181818181818185,0.0,Assignment,1,0,1,0
49,tcas,u-OEAA,0,1,0.25,0.125,0.1851851851851852,0.2,0.125,0.18181818181818185,0.0,Assignment,0,0,1,0
50,tcas,u-OEAA,0,1,0.25,0.125,0.1851851851851852,0.2,0.125,0.18181818181818185,0.0,Assignment,0,0,1,0
51,tcas,u-OEAA,0,1,0.25,0.125,0.1851851851851852,0.2,0.125,0.18181818181818185,0.0,Assignment,0,0,1,0
52,tcas,u-OEAA,0,1,0.25,0.125,0.1851851851851852,0.2,0.125,0.18181818181818185,0.0,Assignment,0,0,1,0
53,tcas,u-OEBA,1,0,0.0,0.0,0.0,0.4,0.25,0.3636363636363637,1.0,Assignment,0,0,0,1
54,tcas,u-OEBA,1,0,0.0,0.0,0.0,0.4,0.25,0.3636363636363637,1.0,Assignment,0,0,0,1
55,tcas,u-OEBA,1,0,0.0,0.0,0.0,0.4,0.25,0.3636363636363637,1.0,Assignment,0,0,0,1
56,tcas,u-OEBA,0,1,0.25,0.125,0.1851851851851852,0.2,0.125,0.18181818181818185,0.2589703588143526,Assignment,0,0,1,0
57,tcas,u-OEBA,0,1,0.25,0.125,0.1851851851851852,0.2,0.125,0.18181818181818185,0.2589703588143526,Assignment,0,0,1,0
58,tcas,u-OEBA,0,1,0.25,0.125,0.1851851851851852,0.2,0.125,0.18181818181818185,0.2589703588143526,Assignment,0,0,1,0
59,tcas,u-OEBA,0,1,0.25,0.125,0.1851851851851852,0.2,0.125,0.18181818181818185,0.0,Assignment,1,0,1,0
60,tcas,u-OEBA,0,1,0.25,0.125,0.1851851851851852,0.2,0.125,0.18181818181818185,0.0,Assignment,0,0,1,0
61,tcas,u-OEBA,0,1,0.25,0.125,0.1851851851851852,0.2,0.125,0.18181818181818185,0.0,Assignment,0,0,1,0
62,tcas,u-OESA,1,0,0.0,0.0,0.0,0.4,0.25,0.3636363636363637,1.0,Assignment,0,0,0,1
63,tcas,u-OESA,1,0,0.0,0.0,0.0,0.4,0.25,0.3636363636363637,1.0,Assignment,0,0,0,1
64,tcas,u-OESA,0,1,0.25,0.125,0.1851851851851852,0.2,0.125,0.18181818181818185,0.2589703588143526,Assignment,0,0,1,0
65,tcas,u-OESA,0,1,0.25,0.125,0.1851851851851852,0.2,0.125,0.18181818181818185,0.2589703588143526,Assignment,0,0,1,0
66,tcas,u-OESA,0,1,0.25,0.125,0.1851851851851852,0.2,0.125,0.18181818181818185,0.0,Assignment,0,0,1,0
67,tcas,u-OESA,0,1,0.25,0.125,0.1851851851851852,0.2,0.125,0.18181818181818185,0.0,Assignment,0,0,1,0
68,tcas,u-OLAN,0,1,0.25,0.125,0.1851851851851852,0.2,0.125,0.18181818181818185,0.2589703588143526,Assignment,0,0,1,0
69,tcas,u-OLAN,0,1,0.25,0.125,0.1851851851851852,0.2,0.125,0.18181818181818185,0.2589703588143526,Assignment,0,0,1,0
70,tcas,u-OLAN,0,1,0.25,0.125,0.1851851851851852,0.2,0.125,0.18181818181818185,0.2589703588143526,Assignment,1,0,1,0
71,tcas,u-OLAN,0,1,0.25,0.125,0.1851851851851852,0.2,0.125,0.18181818181818185,0.2589703588143526,Assignment,0,0,1,0
72,tcas,u-OLAN,0,1,0.25,0.125,0.1851851851851852,0.2,0.125,0.18181818181818185,0.2589703588143526,Assignment,0,0,1,0
73,tcas,u-OLAN,0,1,0.25,0.125,0.1851851851851852,0.2,0.125,0.18181818181818185,0.2589703588143526,Assignment,1,0,1,0
74,tcas,u-OLAN,0,1,0.25,0.125,0.1851851851851852,0.2,0.125,0.18181818181818185,0.2589703588143526,Assignment,1,0,1,0
75,tcas,u-OLAN,0,1,0.25,0.125,0.1851851851851852,0.2,0.125,0.18181818181818185,0.2589703588143526,Assignment,0,0,1,0
76,tcas,u-OLAN,0,1,0.25,0.125,0.1851851851851852,0.2,0.125,0.18181818181818185,0.2589703588143526,Assignment,0,0,1,0
77,tcas,u-OLAN,0,1,0.25,0.125,0.1851851851851852,0.2,0.125,0.18181818181818185,0.2589703588143526,Assignment,0,0,1,0
78,tcas,u-OLAN,0,1,0.25,0.125,0.1851851851851852,0.2,0.125,0.18181818181818185,0.0,Assignment,0,1,1,1
79,tcas,u-OLAN,0,1,0.25,0.125,0.1851851851851852,0.2,0.125,0.18181818181818185,0.0,Assignment,0,1,1,1
80,tcas,u-OLAN,0,1,0.25,0.125,0.1851851851851852,0.2,0.125,0.18181818181818185,0.0,Assignment,1,0,1,0
81,tcas,u-OLAN,0,1,0.25,0.125,0.1851851851851852,0.2,0.125,0.18181818181818185,0.0,Assignment,1,0,1,0
82,tcas,u-OLAN,0,1,0.25,0.125,0.1851851851851852,0.2,0.125,0.18181818181818185,0.0,Assignment,1,0,1,0
83,tcas,u-OLAN,0,1,0.25,0.125,0.1851851851851852,0.2,0.125,0.18181818181818185,0.0,Assignment,0,1,1,1
84,tcas,u-OLAN,0,1,0.25,0.125,0.1851851851851852,0.2,0.125,0.18181818181818185,0.0,Assignment,0,1,1,1
85,tcas,u-OLAN,0,1,0.25,0.125,0.1851851851851852,0.2,0.125,0.18181818181818185,0.0,Assignment,1,0,1,0
86,tcas,u-OLAN,0,1,0.25,0.125,0.1851851851851852,0.2,0.125,0.18181818181818185,0.0,Assignment,0,0,1,0
87,tcas,u-OLAN,0,1,0.25,0.125,0.1851851851851852,0.2,0.125,0.18181818181818185,0.0,Assignment,0,0,1,0
88,tcas,u-OLBN,0,1,0.25,0.125,0.1851851851851852,0.2,0.125,0.18181818181818185,0.2589703588143526,Assignment,0,0,1,0
89,tcas,u-OLBN,0,1,0.25,0.125,0.1851851851851852,0.2,0.125,0.18181818181818185,0.2589703588143526,Assignment,1,0,0,1
90,tcas,u-OLBN,0,1,0.25,0.125,0.1851851851851852,0.2,0.125,0.18181818181818185,0.2589703588143526,Assignment,0,0,1,0
91,tcas,u-OLBN,0,1,0.25,0.125,0.1851851851851852,0.2,0.125,0.18181818181818185,0.2589703588143526,Assignment,1,0,0,1
92,tcas,u-OLBN,0,1,0.25,0.125,0.1851851851851852,0.2,0.125,0.18181818181818185,0.2589703588143526,Assignment,0,0,1,0
93,tcas,u-OLBN,0,1,0.25,0.125,0.1851851851851852,0.2,0.125,0.18181818181818185,0.2589703588143526,Assignment,1,0,0,1
94,tcas,u-OLBN,0,1,0.25,0.125,0.1851851851851852,0.2,0.125,0.18181818181818185,0.0,Assignment,0,1,1,1
95,tcas,u-OLBN,0,1,0.25,0.125,0.1851851851851852,0.2,0.125,0.18181818181818185,0.0,Assignment,1,0,0,1
96,tcas,u-OLBN,0,1,0.25,0.125,0.1851851851851852,0.2,0.125,0.18181818181818185,0.0,Assignment,0,1,1,1
97,tcas,u-OLBN,0,1,0.25,0.125,0.1851851851851852,0.2,0.125,0.18181818181818185,0.0,Assignment,0,1,1,1
98,tcas,u-OLBN,0,1,0.25,0.125,0.1851851851851852,0.2,0.125,0.18181818181818185,0.0,Assignment,1,0,0,1
99,tcas,u-OLBN,0,1,0.25,0.125,0.1851851851851852,0.2,0.125,0.18181818181818185,0.0,Assignment,0,1,1,1
100,tcas,u-OLLN,0,1,0.25,0.125,0.1851851851851852,0.2,0.125,0.18181818181818185,0.2589703588143526,Assignment,0,0,0,1
101,tcas,u-OLLN,0,1,0.25,0.125,0.1851851851851852,0.2,0.125,0.18181818181818185,0.2589703588143526,Assignment,0,0,0,1
102,tcas,u-OLLN,0,1,0.25,0.125,0.1851851851851852,0.2,0.125,0.18181818181818185,0.0,Assignment,0,1,0,0
103,tcas,u-OLLN,0,1,0.25,0.125,0.1851851851851852,0.2,0.125,0.18181818181818185,0.0,Assignment,0,1,0,0
104,tcas,u-OLNG,0,1,0.25,0.125,0.1851851851851852,0.2,0.125,0.18181818181818185,0.2589703588143526,Assignment,0,0,1,0
105,tcas,u-OLNG,0,1,0.25,0.125,0.1851851851851852,0.2,0.125,0.18181818181818185,0.2589703588143526,Assignment,0,0,1,0
106,tcas,u-OLNG,0,1,0.25,0.125,0.1851851851851852,0.2,0.125,0.18181818181818185,0.2589703588143526,Assignment,0,0,1,0
107,tcas,u-OLNG,0,1,0.25,0.125,0.1851851851851852,0.2,0.125,0.18181818181818185,0.2589703588143526,Assignment,0,0,1,0
108,tcas,u-OLNG,0,1,0.25,0.125,0.1851851851851852,0.2,0.125,0.18181818181818185,0.2589703588143526,Assignment,0,0,1,0
109,tcas,u-OLNG,0,1,0.25,0.125,0.1851851851851852,0.2,0.125,0.18181818181818185,0.2589703588143526,Assignment,0,0,1,0
110,tcas,u-OLNG,0,1,0.25,0.125,0.1851851851851852,0.2,0.125,0.18181818181818185,0.0,Assignment,1,0,0,1
111,tcas,u-OLNG,0,1,0.25,0.125,0.1851851851851852,0.2,0.125,0.18181818181818185,0.0,Assignment,0,1,1,1
112,tcas,u-OLNG,0,1,0.25,0.125,0.1851851851851852,0.2,0.125,0.18181818181818185,0.0,Assignment,0,1,1,1
113,tcas,u-OLNG,0,1,0.25,0.125,0.1851851851851852,0.2,0.125,0.18181818181818185,0.0,Assignment,1,0,0,1
114,tcas,u-OLNG,0,1,0.25,0.125,0.1851851851851852,0.2,0.125,0.18181818181818185,0.0,Assignment,0,1,1,1
115,tcas,u-OLNG,0,1,0.25,0.125,0.1851851851851852,0.2,0.125,0.18181818181818185,0.0,Assignment,0,0,1,0
116,tcas,u-OLRN,0,1,0.25,0.125,0.1851851851851852,0.2,0.125,0.18181818181818185,0.2589703588143526,Assignment,0,0,1,0
117,tcas,u-OLRN,0,1,0.25,0.125,0.1851851851851852,0.2,0.125,0.18181818181818185,0.2589703588143526,Assignment,0,0,1,0
118,tcas,u-OLRN,0,1,0.25,0.125,0.1851851851851852,0.2,0.125,0.18181818181818185,0.2589703588143526,Assignment,1,0,1,0
119,tcas,u-OLRN,0,1,0.25,0.125,0.1851851851851852,0.2,0.125,0.18181818181818185,0.2589703588143526,Assignment,0,0,1,0
120,tcas,u-OLRN,0,1,0.25,0.125,0.1851851851851852,0.2,0.125,0.18181818181818185,0.2589703588143526,Assignment,1,0,1,0
121,tcas,u-OLRN,0,1,0.25,0.125,0.1851851851851852,0.2,0.125,0.18181818181818185,0.2589703588143526,Assignment,0,0,1,0
122,tcas,u-OLRN,0,1,0.25,0.125,0.1851851851851852,0.2,0.125,0.18181818181818185,0.2589703588143526,Assignment,1,0,1,0
123,tcas,u-OLRN,0,1,0.25,0.125,0.1851851851851852,0.2,0.125,0.18181818181818185,0.2589703588143526,Assignment,0,0,1,0
124,tcas,u-OLRN,0,1,0.25,0.125,0.1851851851851852,0.2,0.125,0.18181818181818185,0.2589703588143526,Assignment,0,0,1,0
125,tcas,u-OLRN,0,1,0.25,0.125,0.1851851851851852,0.2,0.125,0.18181818181818185,0.2589703588143526,Assignment,0,0,1,0
126,tcas,u-OLRN,0,1,0.25,0.125,0.1851851851851852,0.2,0.125,0.18181818181818185,0.2589703588143526,Assignment,0,0,1,0
127,tcas,u-OLRN,0,1,0.25,0.125,0.1851851851851852,0.2,0.125,0.18181818181818185,0.2589703588143526,Assignment,1,0,1,0
128,tcas,u-OLRN,0,1,0.25,0.125,0.1851851851851852,0.2,0.125,0.18181818181818185,0.0,Assignment,0,1,1,1
129,tcas,u-OLRN,0,1,0.25,0.125,0.1851851851851852,0.2,0.125,0.18181818181818185,0.0,Assignment,1,0,1,0
130,tcas,u-OLRN,0,1,0.25,0.125,0.1851851851851852,0.2,0.125,0.18181818181818185,0.0,Assignment,0,1,1,1
131,tcas,u-OLRN,0,1,0.25,0.125,0.1851851851851852,0.2,0.125,0.18181818181818185,0.0,Assignment,1,0,1,0
132,tcas,u-OLRN,0,1,0.25,0.125,0.1851851851851852,0.2,0.125,0.18181818181818185,0.0,Assignment,1,0,1,0
133,tcas,u-OLRN,0,1,0.25,0.125,0.1851851851851852,0.2,0.125,0.18181818181818185,0.0,Assignment,0,1,1,1
134,tcas,u-OLRN,0,1,0.25,0.125,0.1851851851851852,0.2,0.125,0.18181818181818185,0.0,Assignment,0,1,1,1
135,tcas,u-OLRN,0,1,0.25,0.125,0.1851851851851852,0.2,0.125,0.18181818181818185,0.0,Assignment,1,0,1,0
136,tcas,u-OLRN,0,1,0.25,0.125,0.1851851851851852,0.2,0.125,0.18181818181818185,0.0,Assignment,0,0,1,0
137,tcas,u-OLRN,0,1,0.25,0.125,0.1851851851851852,0.2,0.125,0.18181818181818185,0.0,Assignment,0,0,1,0
138,tcas,u-OLRN,0,1,0.25,0.125,0.1851851851851852,0.2,0.125,0.18181818181818185,0.0,Assignment,0,0,1,0
139,tcas,u-OLRN,0,1,0.25,0.125,0.1851851851851852,0.2,0.125,0.18181818181818185,0.0,Assignment,0,1,1,1
140,tcas,u-OLSN,0,1,0.25,0.125,0.1851851851851852,0.2,0.125,0.18181818181818185,0.2589703588143526,Assignment,0,0,1,0
141,tcas,u-OLSN,0,1,0.25,0.125,0.1851851851851852,0.2,0.125,0.18181818181818185,0.2589703588143526,Assignment,0,0,1,0
142,tcas,u-OLSN,0,1,0.25,0.125,0.1851851851851852,0.2,0.125,0.18181818181818185,0.2589703588143526,Assignment,0,0,1,0
143,tcas,u-OLSN,0,1,0.25,0.125,0.1851851851851852,0.2,0.125,0.18181818181818185,0.2589703588143526,Assignment,0,0,1,0
144,tcas,u-OLSN,0,1,0.25,0.125,0.1851851851851852,0.2,0.125,0.18181818181818185,0.0,Assignment,1,0,1,0
145,tcas,u-OLSN,0,1,0.25,0.125,0.1851851851851852,0.2,0.125,0.18181818181818185,0.0,Assignment,1,0,1,0
146,tcas,u-OLSN,0,1,0.25,0.125,0.1851851851851852,0.2,0.125,0.18181818181818185,0.0,Assignment,1,0,1,0
147,tcas,u-OLSN,0,1,0.25,0.125,0.1851851851851852,0.2,0.125,0.18181818181818185,0.0,Assignment,1,0,1,0
148,tcas,u-OODL,1,0,0.0,0.0,0.0,0.4,0.25,0.3636363636363637,1.0,Assignment,0,0,0,1
149,tcas,u-OODL,1,0,0.0,0.0,0.0,0.4,0.25,0.3636363636363637,1.0,Assignment,0,0,0,1
150,tcas,u-OODL,0,1,0.25,0.125,0.1851851851851852,0.2,0.125,0.18181818181818185,0.2589703588143526,Assignment,0,0,1,0
151,tcas,u-OODL,0,1,0.25,0.125,0.1851851851851852,0.2,0.125,0.18181818181818185,0.2589703588143526,Assignment,0,0,1,0
152,tcas,u-OODL,0,1,0.25,0.125,0.1851851851851852,0.2,0.125,0.18181818181818185,0.2589703588143526,Assignment,0,0,1,0
153,tcas,u-OODL,0,1,0.25,0.125,0.1851851851851852,0.2,0.125,0.18181818181818185,0.2589703588143526,Assignment,0,0,1,0
154,tcas,u-OODL,0,1,0.25,0.125,0.1851851851851852,0.2,0.125,0.18181818181818185,0.2589703588143526,Assignment,0,0,1,0
155,tcas,u-OODL,0,1,0.25,0.125,0.1851851851851852,0.2,0.125,0.18181818181818185,0.2589703588143526,Assignment,1,0,0,1
156,tcas,u-OODL,0,1,0.25,0.125,0.1851851851851852,0.2,0.125,0.18181818181818185,0.2589703588143526,Assignment,0,0,1,0
157,tcas,u-OODL,0,1,0.25,0.125,0.1851851851851852,0.2,0.125,0.18181818181818185,0.2589703588143526,Assignment,1,0,0,1
158,tcas,u-OODL,0,1,0.25,0.125,0.1851851851851852,0.2,0.125,0.18181818181818185,0.0,Assignment,1,0,0,1
159,tcas,u-OODL,0,1,0.25,0.125,0.1851851851851852,0.2,0.125,0.18181818181818185,0.0,Assignment,1,0,0,1
160,tcas,u-OODL,0,1,0.25,0.125,0.1851851851851852,0.2,0.125,0.18181818181818185,0.0,Assignment,1,0,0,1
161,tcas,u-OODL,0,1,0.25,0.125,0.1851851851851852,0.2,0.125,0.18181818181818185,0.0,Assignment,0,1,1,1
162,tcas,u-OODL,0,1,0.25,0.125,0.1851851851851852,0.2,0.125,0.18181818181818185,0.0,Assignment,1,0,0,1
163,tcas,u-OODL,0,1,0.25,0.125,0.1851851851851852,0.2,0.125,0.18181818181818185,0.0,Assignment,1,0,0,1
164,tcas,u-OODL,0,1,0.25,0.125,0.1851851851851852,0.2,0.125,0.18181818181818185,0.0,Assignment,1,0,0,1
165,tcas,u-OODL,0,1,0.25,0.125,0.1851851851851852,0.2,0.125,0.18181818181818185,0.0,Assignment,0,1,1,1
166,tcas,u-ORAN,1,0,0.0,0.0,0.0,0.4,0.25,0.3636363636363637,1.0,Assignment,0,0,0,1
167,tcas,u-ORAN,1,0,0.0,0.0,0.0,0.4,0.25,0.3636363636363637,1.0,Assignment,0,1,0,0
168,tcas,u-ORAN,1,0,0.0,0.0,0.0,0.4,0.25,0.3636363636363637,1.0,Assignment,0,0,0,1
169,tcas,u-ORAN,1,0,0.0,0.0,0.0,0.4,0.25,0.3636363636363637,1.0,Assignment,0,0,0,1
170,tcas,u-ORAN,1,0,0.0,0.0,0.0,0.4,0.25,0.3636363636363637,1.0,Assignment,0,0,0,1
171,tcas,u-ORAN,0,1,0.25,0.125,0.1851851851851852,0.2,0.125,0.18181818181818185,0.2589703588143526,Assignment,0,0,1,0
172,tcas,u-ORAN,0,1,0.25,0.125,0.1851851851851852,0.2,0.125,0.18181818181818185,0.2589703588143526,Assignment,0,0,1,0
173,tcas,u-ORAN,0,1,0.25,0.125,0.1851851851851852,0.2,0.125,0.18181818181818185,0.2589703588143526,Assignment,0,0,1,0
174,tcas,u-ORAN,0,1,0.25,0.125,0.1851851851851852,0.2,0.125,0.18181818181818185,0.2589703588143526,Assignment,0,1,1,1
175,tcas,u-ORAN,0,1,0.25,0.125,0.1851851851851852,0.2,0.125,0.18181818181818185,0.2589703588143526,Assignment,0,0,1,0
176,tcas,u-ORAN,0,1,0.25,0.125,0.1851851851851852,0.2,0.125,0.18181818181818185,0.0,Assignment,1,0,0,1
177,tcas,u-ORAN,0,1,0.25,0.125,0.1851851851851852,0.2,0.125,0.18181818181818185,0.0,Assignment,1,0,0,1
178,tcas,u-ORAN,0,1,0.25,0.125,0.1851851851851852,0.2,0.125,0.18181818181818185,0.0,Assignment,1,0,0,1
179,tcas,u-ORAN,0,1,0.25,0.125,0.1851851851851852,0.2,0.125,0.18181818181818185,0.0,Assignment,1,0,0,1
180,tcas,u-ORAN,0,1,0.25,0.125,0.1851851851851852,0.2,0.125,0.18181818181818185,0.0,Assignment,1,0,0,1
181,tcas,u-ORAN,0,1,0.25,0.125,0.1851851851851852,0.2,0.125,0.18181818181818185,0.0,Assignment,1,0,0,1
182,tcas,u-ORAN,0,1,0.25,0.125,0.1851851851851852,0.2,0.125,0.18181818181818185,0.0,Assignment,1,0,0,1
183,tcas,u-ORAN,0,1,0.25,0.125,0.1851851851851852,0.2,0.125,0.18181818181818185,0.0,Assignment,1,0,0,1
184,tcas,u-ORAN,0,1,0.25,0.125,0.1851851851851852,0.2,0.125,0.18181818181818185,0.0,Assignment,1,0,0,1
185,tcas,u-ORAN,0,1,0.25,0.125,0.1851851851851852,0.2,0.125,0.18181818181818185,0.0,Assignment,1,0,0,1
186,tcas,u-ORBN,1,0,0.0,0.0,0.0,0.4,0.25,0.3636363636363637,1.0,Assignment,0,0,0,1
187,tcas,u-ORBN,1,0,0.0,0.0,0.0,0.4,0.25,0.3636363636363637,1.0,Assignment,0,0,0,1
188,tcas,u-ORBN,1,0,0.0,0.0,0.0,0.4,0.25,0.3636363636363637,1.0,Assignment,0,1,0,0
189,tcas,u-ORBN,0,1,0.25,0.125,0.1851851851851852,0.2,0.125,0.18181818181818185,0.2589703588143526,Assignment,0,0,1,0
190,tcas,u-ORBN,0,1,0.25,0.125,0.1851851851851852,0.2,0.125,0.18181818181818185,0.2589703588143526,Assignment,0,0,1,0
191,tcas,u-ORBN,0,1,0.25,0.125,0.1851851851851852,0.2,0.125,0.18181818181818185,0.2589703588143526,Assignment,0,0,1,0
192,tcas,u-ORBN,0,1,0.25,0.125,0.1851851851851852,0.2,0.125,0.18181818181818185,0.0,Assignment,1,0,0,1
193,tcas,u-ORBN,0,1,0.25,0.125,0.1851851851851852,0.2,0.125,0.18181818181818185,0.0,Assignment,1,0,0,1
194,tcas,u-ORBN,0,1,0.25,0.125,0.1851851851851852,0.2,0.125,0.18181818181818185,0.0,Assignment,1,0,0,1
195,tcas,u-ORBN,0,1,0.25,0.125,0.1851851851851852,0.2,0.125,0.18181818181818185,0.0,Assignment,1,0,0,1
196,tcas,u-ORBN,0,1,0.25,0.125,0.1851851851851852,0.2,0.125,0.18181818181818185,0.0,Assignment,1,0,0,1
197,tcas,u-ORBN,0,1,0.25,0.125,0.1851851851851852,0.2,0.125,0.18181818181818185,0.0,Assignment,1,0,0,1
198,tcas,u-ORLN,1,0,0.0,0.0,0.0,0.4,0.25,0.3636363636363637,1.0,Assignment,0,0,0,1
199,tcas,u-ORLN,1,0,0.0,0.0,0.0,0.4,0.25,0.3636363636363637,1.0,Assignment,0,0,0,1
200,tcas,u-ORLN,0,1,0.25,0.125,0.1851851851851852,0.2,0.125,0.18181818181818185,0.2589703588143526,Assignment,0,0,1,0
201,tcas,u-ORLN,0,1,0.25,0.125,0.1851851851851852,0.2,0.125,0.18181818181818185,0.2589703588143526,Assignment,0,0,1,0
202,tcas,u-ORLN,0,1,0.25,0.125,0.1851851851851852,0.2,0.125,0.18181818181818185,0.0,Assignment,1,0,1,0
203,tcas,u-ORLN,0,1,0.25,0.125,0.1851851851851852,0.2,0.125,0.18181818181818185,0.0,Assignment,1,0,1,0
204,tcas,u-ORLN,0,1,0.25,0.125,0.1851851851851852,0.2,0.125,0.18181818181818185,0.0,Assignment,1,0,1,0
205,tcas,u-ORLN,0,1,0.25,0.125,0.1851851851851852,0.2,0.125,0.18181818181818185,0.0,Assignment,1,0,1,0
206,tcas,u-ORRN,1,0,0.0,0.0,0.0,0.4,0.25,0.3636363636363637,1.0,Assignment,0,0,0,1
207,tcas,u-ORRN,1,0,0.0,0.0,0.0,0.4,0.25,0.3636363636363637,1.0,Assignment,0,0,0,1
208,tcas,u-ORRN,1,0,0.0,0.0,0.0,0.4,0.25,0.3636363636363637,1.0,Assignment,0,1,0,0
209,tcas,u-ORRN,1,0,0.0,0.0,0.0,0.4,0.25,0.3636363636363637,1.0,Assignment,0,0,0,1
210,tcas,u-ORRN,1,0,0.0,0.0,0.0,0.4,0.25,0.3636363636363637,1.0,Assignment,0,1,0,0
211,tcas,u-ORRN,0,1,0.25,0.125,0.1851851851851852,0.2,0.125,0.18181818181818185,0.2589703588143526,Assignment,0,0,1,0
212,tcas,u-ORRN,0,1,0.25,0.125,0.1851851851851852,0.2,0.125,0.18181818181818185,0.2589703588143526,Assignment,0,1,1,1
213,tcas,u-ORRN,0,1,0.25,0.125,0.1851851851851852,0.2,0.125,0.18181818181818185,0.2589703588143526,Assignment,0,0,1,0
214,tcas,u-ORRN,0,1,0.25,0.125,0.1851851851851852,0.2,0.125,0.18181818181818185,0.2589703588143526,Assignment,0,1,1,1
215,tcas,u-ORRN,0,1,0.25,0.125,0.1851851851851852,0.2,0.125,0.18181818181818185,0.2589703588143526,Assignment,0,0,1,0
216,tcas,u-ORRN,0,1,0.25,0.125,0.1851851851851852,0.2,0.125,0.18181818181818185,0.0,Assignment,1,0,1,0
217,tcas,u-ORRN,0,1,0.25,0.125,0.1851851851851852,0.2,0.125,0.18181818181818185,0.0,Assignment,1,0,1,0
218,tcas,u-ORRN,0,1,0.25,0.125,0.1851851851851852,0.2,0.125,0.18181818181818185,0.0,Assignment,1,0,1,0
219,tcas,u-ORRN,0,1,0.25,0.125,0.1851851851851852,0.2,0.125,0.18181818181818185,0.0,Assignment,1,0,1,0
220,tcas,u-ORRN,0,1,0.25,0.125,0.1851851851851852,0.2,0.125,0.18181818181818185,0.0,Assignment,1,0,1,0
221,tcas,u-ORRN,0,1,0.25,0.125,0.1851851851851852,0.2,0.125,0.18181818181818185,0.0,Assignment,1,0,1,0
222,tcas,u-ORRN,0,1,0.25,0.125,0.1851851851851852,0.2,0.125,0.18181818181818185,0.0,Assignment,1,0,1,0
223,tcas,u-ORRN,0,1,0.25,0.125,0.1851851851851852,0.2,0.125,0.18181818181818185,0.0,Assignment,1,0,1,0
224,tcas,u-ORRN,0,1,0.25,0.125,0.1851851851851852,0.2,0.125,0.18181818181818185,0.0,Assignment,1,0,1,0
225,tcas,u-ORRN,0,1,0.25,0.125,0.1851851851851852,0.2,0.125,0.18181818181818185,0.0,Assignment,1,0,1,0
226,tcas,u-ORSN,1,0,0.0,0.0,0.0,0.4,0.25,0.3636363636363637,1.0,Assignment,0,0,0,1
227,tcas,u-ORSN,1,0,0.0,0.0,0.0,0.4,0.25,0.3636363636363637,1.0,Assignment,0,0,0,1
228,tcas,u-ORSN,0,1,0.25,0.125,0.1851851851851852,0.2,0.125,0.18181818181818185,0.2589703588143526,Assignment,0,0,1,0
229,tcas,u-ORSN,0,1,0.25,0.125,0.1851851851851852,0.2,0.125,0.18181818181818185,0.2589703588143526,Assignment,0,0,1,0
230,tcas,u-ORSN,0,1,0.25,0.125,0.1851851851851852,0.2,0.125,0.18181818181818185,0.0,Assignment,1,0,1,0
231,tcas,u-ORSN,0,1,0.25,0.125,0.1851851851851852,0.2,0.125,0.18181818181818185,0.0,Assignment,1,0,1,0
232,tcas,u-ORSN,0,1,0.25,0.125,0.1851851851851852,0.2,0.125,0.18181818181818185,0.0,Assignment,1,0,1,0
233,tcas,u-ORSN,0,1,0.25,0.125,0.1851851851851852,0.2,0.125,0.18181818181818185,0.0,Assignment,1,0,1,0
234,tcas,u-SRSR,1,0,0.0,0.0,0.0,0.4,0.25,0.3636363636363637,1.0,Assignment,0,0,0,1
235,tcas,u-SRSR,0,1,0.25,0.125,0.1851851851851852,0.2,0.125,0.18181818181818185,0.2589703588143526,Assignment,0,0,1,0
236,tcas,u-SRSR,0,1,0.25,0.125,0.1851851851851852,0.2,0.125,0.18181818181818185,0.2589703588143526,Assignment,0,0,1,0
237,tcas,u-SRSR,0,1,0.25,0.125,0.1851851851851852,0.2,0.125,0.18181818181818185,0.0,Assignment,0,0,1,0
238,tcas,u-SRSR,0,1,0.25,0.125,0.1851851851851852,0.2,0.125,0.18181818181818185,0.0,Assignment,0,0,1,0
239,tcas,u-SRSR,1,0,0.0,0.0,0.0,0.4,0.25,0.3636363636363637,1.0,Block,0,0,0,1
240,tcas,u-STRI,1,0,0.0,0.0,0.0,0.4,0.25,0.3636363636363637,1.0,If,0,0,1,0
241,tcas,u-STRI,1,0,0.0,0.0,0.0,0.4,0.25,0.3636363636363637,1.0,If,0,0,1,0
242,tcas,u-STRP,1,0,0.0,0.0,0.0,0.4,0.25,0.3636363636363637,1.0,Assignment,0,0,0,1
243,tcas,u-STRP,0,1,0.25,0.125,0.1851851851851852,0.2,0.125,0.18181818181818185,0.2589703588143526,Assignment,0,0,1,0
244,tcas,u-STRP,0,1,0.25,0.125,0.1851851851851852,0.2,0.125,0.18181818181818185,0.2589703588143526,Assignment,0,0,1,0
245,tcas,u-STRP,0,1,0.25,0.125,0.1851851851851852,0.2,0.125,0.18181818181818185,0.0,Assignment,0,0,1,0
246,tcas,u-STRP,0,1,0.25,0.125,0.1851851851851852,0.2,0.125,0.18181818181818185,0.0,Assignment,0,0,1,0
247,tcas,u-STRP,1,0,0.0,0.0,0.0,0.4,0.25,0.3636363636363637,1.0,Block,0,0,0,1
248,tcas,u-STRP,0,0,0.5,0.25,0.3703703703703704,0.0,0.0,0.0,0.0062402496099844,Return,0,0,0,1
249,tcas,u-STRP,1,0,0.0,0.0,0.0,0.4,0.25,0.3636363636363637,1.0,Block,0,0,0,1
250,tcas,u-VDTR,1,0,0.0,0.0,0.0,0.4,0.25,0.3636363636363637,1.0,Assignment,0,0,0,1
251,tcas,u-VDTR,1,0,0.0,0.0,0.0,0.4,0.25,0.3636363636363637,1.0,Assignment,0,1,0,0
252,tcas,u-VDTR,1,0,0.0,0.0,0.0,0.4,0.25,0.3636363636363637,1.0,Assignment,0,0,0,1
253,tcas,u-VDTR,1,0,0.0,0.0,0.0,0.4,0.25,0.3636363636363637,1.0,If,0,0,0,1
254,tcas,u-VDTR,1,0,0.0,0.0,0.0,0.4,0.25,0.3636363636363637,1.0,If,1,0,0,1
255,tcas,u-VDTR,1,0,0.0,0.0,0.0,0.4,0.25,0.3636363636363637,1.0,If,0,0,0,1
256,tcas,u-VDTR,0,1,0.25,0.125,0.1851851851851852,0.2,0.125,0.18181818181818185,0.2589703588143526,Assignment,0,0,1,0
257,tcas,u-VDTR,0,1,0.25,0.125,0.1851851851851852,0.2,0.125,0.18181818181818185,0.2589703588143526,Assignment,0,1,1,1
258,tcas,u-VDTR,0,1,0.25,0.125,0.1851851851851852,0.2,0.125,0.18181818181818185,0.2589703588143526,Assignment,0,1,1,1
259,tcas,u-VDTR,0,1,0.25,0.125,0.1851851851851852,0.2,0.125,0.18181818181818185,0.0,Assignment,0,0,1,0
260,tcas,u-VDTR,0,1,0.25,0.125,0.1851851851851852,0.2,0.125,0.18181818181818185,0.0,Assignment,1,0,0,1
261,tcas,u-VDTR,0,1,0.25,0.125,0.1851851851851852,0.2,0.125,0.18181818181818185,0.0,Assignment,1,0,0,1
262,tcas,u-VDTR,0,1,0.25,0.125,0.1851851851851852,0.2,0.125,0.18181818181818185,0.0,Assignment,0,0,1,0
263,tcas,u-VDTR,0,1,0.25,0.125,0.1851851851851852,0.2,0.125,0.18181818181818185,0.0,Assignment,1,0,0,1
264,tcas,u-VDTR,0,1,0.25,0.125,0.1851851851851852,0.2,0.125,0.18181818181818185,0.0,Assignment,0,1,1,1
265,tcas,u-VDTR,0,0,0.5,0.25,0.3703703703703704,0.0,0.0,0.0,0.0062402496099844,Return,0,0,0,1
266,tcas,u-VDTR,0,0,0.5,0.25,0.3703703703703704,0.0,0.0,0.0,0.0062402496099844,Return,1,0,0,1
267,tcas,u-VDTR,0,0,0.5,0.25,0.3703703703703704,0.0,0.0,0.0,0.0062402496099844,Return,0,0,0,1
268,tcas,u-VGSR,1,0,0.0,0.0,0.0,0.4,0.25,0.3636363636363637,1.0,Assignment,0,0,0,1
269,tcas,u-VGSR,1,0,0.0,0.0,0.0,0.4,0.25,0.3636363636363637,1.0,Assignment,0,0,0,1
270,tcas,u-VGSR,1,0,0.0,0.0,0.0,0.4,0.25,0.3636363636363637,1.0,Assignment,0,0,0,1
271,tcas,u-VGSR,1,0,0.0,0.0,0.0,0.4,0.25,0.3636363636363637,1.0,Assignment,0,0,0,1
272,tcas,u-VGSR,1,0,0.0,0.0,0.0,0.4,0.25,0.3636363636363637,1.0,Assignment,0,0,0,1
273,tcas,u-VGSR,1,0,0.0,0.0,0.0,0.4,0.25,0.3636363636363637,1.0,Assignment,0,0,0,1
274,tcas,u-VGSR,1,0,0.0,0.0,0.0,0.4,0.25,0.3636363636363637,1.0,Assignment,0,0,0,1
275,tcas,u-VGSR,1,0,0.0,0.0,0.0,0.4,0.25,0.3636363636363637,1.0,Assignment,0,0,0,1
276,tcas,u-VGSR,1,0,0.0,0.0,0.0,0.4,0.25,0.3636363636363637,1.0,Assignment,0,0,0,1
277,tcas,u-VGSR,1,0,0.0,0.0,0.0,0.4,0.25,0.3636363636363637,1.0,Assignment,0,0,0,1
278,tcas,u-VGSR,1,0,0.0,0.0,0.0,0.4,0.25,0.3636363636363637,1.0,Assignment,0,0,0,1
279,tcas,u-VGSR,1,0,0.0,0.0,0.0,0.4,0.25,0.3636363636363637,1.0,Assignment,0,0,0,1
280,tcas,u-VGSR,1,0,0.0,0.0,0.0,0.4,0.25,0.3636363636363637,1.0,Assignment,0,0,0,1
281,tcas,u-VGSR,1,0,0.0,0.0,0.0,0.4,0.25,0.3636363636363637,1.0,Assignment,0,0,0,1
282,tcas,u-VGSR,1,0,0.0,0.0,0.0,0.4,0.25,0.3636363636363637,1.0,Assignment,0,0,0,1
283,tcas,u-VGSR,1,0,0.0,0.0,0.0,0.4,0.25,0.3636363636363637,1.0,Assignment,0,0,0,1
284,tcas,u-VGSR,1,0,0.0,0.0,0.0,0.4,0.25,0.3636363636363637,1.0,Assignment,0,0,0,1
285,tcas,u-VGSR,1,0,0.0,0.0,0.0,0.4,0.25,0.3636363636363637,1.0,Assignment,0,0,0,1
286,tcas,u-VGSR,1,0,0.0,0.0,0.0,0.4,0.25,0.3636363636363637,1.0,Assignment,0,0,0,1
287,tcas,u-VGSR,1,0,0.0,0.0,0.0,0.4,0.25,0.3636363636363637,1.0,Assignment,0,0,0,1
288,tcas,u-VGSR,1,0,0.0,0.0,0.0,0.4,0.25,0.3636363636363637,1.0,Assignment,0,0,0,1
289,tcas,u-VGSR,1,0,0.0,0.0,0.0,0.4,0.25,0.3636363636363637,1.0,Assignment,0,0,0,1
290,tcas,u-VGSR,1,0,0.0,0.0,0.0,0.4,0.25,0.3636363636363637,1.0,Assignment,0,0,0,1
291,tcas,u-VGSR,1,0,0.0,0.0,0.0,0.4,0.25,0.3636363636363637,1.0,If,0,0,0,1
292,tcas,u-VGSR,1,0,0.0,0.0,0.0,0.4,0.25,0.3636363636363637,1.0,If,0,0,0,1
293,tcas,u-VGSR,1,0,0.0,0.0,0.0,0.4,0.25,0.3636363636363637,1.0,If,0,0,0,1
294,tcas,u-VGSR,1,0,0.0,0.0,0.0,0.4,0.25,0.3636363636363637,1.0,If,0,0,0,1
295,tcas,u-VGSR,1,0,0.0,0.0,0.0,0.4,0.25,0.3636363636363637,1.0,If,0,0,0,1
296,tcas,u-VGSR,1,0,0.0,0.0,0.0,0.4,0.25,0.3636363636363637,1.0,If,0,0,0,1
297,tcas,u-VGSR,1,0,0.0,0.0,0.0,0.4,0.25,0.3636363636363637,1.0,If,0,0,0,1
298,tcas,u-VGSR,1,0,0.0,0.0,0.0,0.4,0.25,0.3636363636363637,1.0,If,0,0,0,1
299,tcas,u-VGSR,1,0,0.0,0.0,0.0,0.4,0.25,0.3636363636363637,1.0,If,0,0,0,1
300,tcas,u-VGSR,1,0,0.0,0.0,0.0,0.4,0.25,0.3636363636363637,1.0,If,0,0,0,1
301,tcas,u-VGSR,1,0,0.0,0.0,0.0,0.4,0.25,0.3636363636363637,1.0,If,0,0,0,1
302,tcas,u-VGSR,1,0,0.0,0.0,0.0,0.4,0.25,0.3636363636363637,1.0,If,0,0,0,1
303,tcas,u-VGSR,0,1,0.25,0.125,0.1851851851851852,0.2,0.125,0.18181818181818185,0.2589703588143526,Assignment,0,0,1,0
304,tcas,u-VGSR,0,1,0.25,0.125,0.1851851851851852,0.2,0.125,0.18181818181818185,0.2589703588143526,Assignment,0,0,1,0
305,tcas,u-VGSR,0,1,0.25,0.125,0.1851851851851852,0.2,0.125,0.18181818181818185,0.2589703588143526,Assignment,0,0,1,0
306,tcas,u-VGSR,0,1,0.25,0.125,0.1851851851851852,0.2,0.125,0.18181818181818185,0.2589703588143526,Assignment,0,0,1,0
307,tcas,u-VGSR,0,1,0.25,0.125,0.1851851851851852,0.2,0.125,0.18181818181818185,0.2589703588143526,Assignment,0,0,1,0
308,tcas,u-VGSR,0,1,0.25,0.125,0.1851851851851852,0.2,0.125,0.18181818181818185,0.2589703588143526,Assignment,0,0,1,0
309,tcas,u-VGSR,0,1,0.25,0.125,0.1851851851851852,0.2,0.125,0.18181818181818185,0.2589703588143526,Assignment,0,0,1,0
310,tcas,u-VGSR,0,1,0.25,0.125,0.1851851851851852,0.2,0.125,0.18181818181818185,0.2589703588143526,Assignment,0,0,1,0
311,tcas,u-VGSR,0,1,0.25,0.125,0.1851851851851852,0.2,0.125,0.18181818181818185,0.2589703588143526,Assignment,0,0,1,0
312,tcas,u-VGSR,0,1,0.25,0.125,0.1851851851851852,0.2,0.125,0.18181818181818185,0.2589703588143526,Assignment,0,0,1,0
313,tcas,u-VGSR,0,1,0.25,0.125,0.1851851851851852,0.2,0.125,0.18181818181818185,0.2589703588143526,Assignment,0,0,1,0
314,tcas,u-VGSR,0,1,0.25,0.125,0.1851851851851852,0.2,0.125,0.18181818181818185,0.2589703588143526,Assignment,0,0,1,0
315,tcas,u-VGSR,0,1,0.25,0.125,0.1851851851851852,0.2,0.125,0.18181818181818185,0.2589703588143526,Assignment,0,0,1,0
316,tcas,u-VGSR,0,1,0.25,0.125,0.1851851851851852,0.2,0.125,0.18181818181818185,0.2589703588143526,Assignment,0,0,1,0
317,tcas,u-VGSR,0,1,0.25,0.125,0.1851851851851852,0.2,0.125,0.18181818181818185,0.2589703588143526,Assignment,0,0,1,0
318,tcas,u-VGSR,0,1,0.25,0.125,0.1851851851851852,0.2,0.125,0.18181818181818185,0.2589703588143526,Assignment,0,0,1,0
319,tcas,u-VGSR,0,1,0.25,0.125,0.1851851851851852,0.2,0.125,0.18181818181818185,0.2589703588143526,Assignment,0,0,1,0
320,tcas,u-VGSR,0,1,0.25,0.125,0.1851851851851852,0.2,0.125,0.18181818181818185,0.2589703588143526,Assignment,0,0,1,0
321,tcas,u-VGSR,0,1,0.25,0.125,0.1851851851851852,0.2,0.125,0.18181818181818185,0.2589703588143526,Assignment,0,0,1,0
322,tcas,u-VGSR,0,1,0.25,0.125,0.1851851851851852,0.2,0.125,0.18181818181818185,0.2589703588143526,Assignment,0,0,1,0
323,tcas,u-VGSR,0,1,0.25,0.125,0.1851851851851852,0.2,0.125,0.18181818181818185,0.2589703588143526,Assignment,0,0,1,0
324,tcas,u-VGSR,0,1,0.25,0.125,0.1851851851851852,0.2,0.125,0.18181818181818185,0.2589703588143526,Assignment,0,0,1,0
325,tcas,u-VGSR,0,1,0.25,0.125,0.1851851851851852,0.2,0.125,0.18181818181818185,0.2589703588143526,Assignment,0,0,1,0
326,tcas,u-VGSR,0,1,0.25,0.125,0.1851851851851852,0.2,0.125,0.18181818181818185,0.0,Assignment,0,0,1,0
327,tcas,u-VGSR,0,1,0.25,0.125,0.1851851851851852,0.2,0.125,0.18181818181818185,0.0,Assignment,0,0,1,0
328,tcas,u-VGSR,0,1,0.25,0.125,0.1851851851851852,0.2,0.125,0.18181818181818185,0.0,Assignment,0,0,1,0
329,tcas,u-VGSR,0,1,0.25,0.125,0.1851851851851852,0.2,0.125,0.18181818181818185,0.0,Assignment,0,0,1,0
330,tcas,u-VGSR,0,1,0.25,0.125,0.1851851851851852,0.2,0.125,0.18181818181818185,0.0,Assignment,0,0,1,0
331,tcas,u-VGSR,0,1,0.25,0.125,0.1851851851851852,0.2,0.125,0.18181818181818185,0.0,Assignment,0,0,1,0
332,tcas,u-VGSR,0,1,0.25,0.125,0.1851851851851852,0.2,0.125,0.18181818181818185,0.0,Assignment,0,0,1,0
333,tcas,u-VGSR,0,1,0.25,0.125,0.1851851851851852,0.2,0.125,0.18181818181818185,0.0,Assignment,0,1,1,1
334,tcas,u-VGSR,0,1,0.25,0.125,0.1851851851851852,0.2,0.125,0.18181818181818185,0.0,Assignment,0,0,1,0
335,tcas,u-VGSR,0,1,0.25,0.125,0.1851851851851852,0.2,0.125,0.18181818181818185,0.0,Assignment,0,0,1,0
336,tcas,u-VGSR,0,1,0.25,0.125,0.1851851851851852,0.2,0.125,0.18181818181818185,0.0,Assignment,0,0,1,0
337,tcas,u-VGSR,0,1,0.25,0.125,0.1851851851851852,0.2,0.125,0.18181818181818185,0.0,Assignment,0,0,1,0
338,tcas,u-VGSR,0,1,0.25,0.125,0.1851851851851852,0.2,0.125,0.18181818181818185,0.0,Assignment,1,0,1,0
339,tcas,u-VGSR,0,1,0.25,0.125,0.1851851851851852,0.2,0.125,0.18181818181818185,0.0,Assignment,1,0,1,0
340,tcas,u-VGSR,0,1,0.25,0.125,0.1851851851851852,0.2,0.125,0.18181818181818185,0.0,Assignment,1,0,1,0
341,tcas,u-VGSR,0,1,0.25,0.125,0.1851851851851852,0.2,0.125,0.18181818181818185,0.0,Assignment,1,0,1,0
342,tcas,u-VGSR,0,1,0.25,0.125,0.1851851851851852,0.2,0.125,0.18181818181818185,0.0,Assignment,1,0,1,0
343,tcas,u-VGSR,0,1,0.25,0.125,0.1851851851851852,0.2,0.125,0.18181818181818185,0.0,Assignment,1,0,1,0
344,tcas,u-VGSR,0,1,0.25,0.125,0.1851851851851852,0.2,0.125,0.18181818181818185,0.0,Assignment,1,0,1,0
345,tcas,u-VGSR,0,1,0.25,0.125,0.1851851851851852,0.2,0.125,0.18181818181818185,0.0,Assignment,1,0,1,0
346,tcas,u-VGSR,0,1,0.25,0.125,0.1851851851851852,0.2,0.125,0.18181818181818185,0.0,Assignment,1,0,1,0
347,tcas,u-VGSR,0,1,0.25,0.125,0.1851851851851852,0.2,0.125,0.18181818181818185,0.0,Assignment,1,0,1,0
348,tcas,u-VGSR,0,1,0.25,0.125,0.1851851851851852,0.2,0.125,0.18181818181818185,0.0,Assignment,1,0,1,0
349,tcas,u-VGSR,0,1,0.25,0.125,0.1851851851851852,0.2,0.125,0.18181818181818185,0.0,Assignment,1,0,1,0
350,tcas,u-VGSR,0,1,0.25,0.125,0.1851851851851852,0.2,0.125,0.18181818181818185,0.0,Assignment,1,0,1,0
351,tcas,u-VGSR,0,1,0.25,0.125,0.1851851851851852,0.2,0.125,0.18181818181818185,0.0,Assignment,1,0,1,0
352,tcas,u-VGSR,0,1,0.25,0.125,0.1851851851851852,0.2,0.125,0.18181818181818185,0.0,Assignment,1,0,1,0
353,tcas,u-VGSR,0,1,0.25,0.125,0.1851851851851852,0.2,0.125,0.18181818181818185,0.0,Assignment,1,0,1,0
354,tcas,u-VGSR,0,1,0.25,0.125,0.1851851851851852,0.2,0.125,0.18181818181818185,0.0,Assignment,1,0,1,0
355,tcas,u-VGSR,0,1,0.25,0.125,0.1851851851851852,0.2,0.125,0.18181818181818185,0.0,Assignment,1,0,1,0
356,tcas,u-VGSR,0,1,0.25,0.125,0.1851851851851852,0.2,0.125,0.18181818181818185,0.0,Assignment,1,0,1,0
357,tcas,u-VGSR,0,1,0.25,0.125,0.1851851851851852,0.2,0.125,0.18181818181818185,0.0,Assignment,1,0,1,0
358,tcas,u-VGSR,0,1,0.25,0.125,0.1851851851851852,0.2,0.125,0.18181818181818185,0.0,Assignment,1,0,1,0
359,tcas,u-VGSR,0,1,0.25,0.125,0.1851851851851852,0.2,0.125,0.18181818181818185,0.0,Assignment,1,0,1,0
360,tcas,u-VGSR,0,0,0.5,0.25,0.3703703703703704,0.0,0.0,0.0,0.0062402496099844,Return,0,0,0,1
361,tcas,u-VGSR,0,0,0.5,0.25,0.3703703703703704,0.0,0.0,0.0,0.0062402496099844,Return,0,0,0,1
362,tcas,u-VGSR,0,0,0.5,0.25,0.3703703703703704,0.0,0.0,0.0,0.0062402496099844,Return,0,0,0,1
363,tcas,u-VGSR,0,0,0.5,0.25,0.3703703703703704,0.0,0.0,0.0,0.0062402496099844,Return,0,0,0,1
364,tcas,u-VGSR,0,0,0.5,0.25,0.3703703703703704,0.0,0.0,0.0,0.0062402496099844,Return,0,0,0,1
365,tcas,u-VGSR,0,0,0.5,0.25,0.3703703703703704,0.0,0.0,0.0,0.0062402496099844,Return,0,0,0,1
366,tcas,u-VGSR,0,0,0.5,0.25,0.3703703703703704,0.0,0.0,0.0,0.0062402496099844,Return,0,0,0,1
367,tcas,u-VGSR,0,0,0.5,0.25,0.3703703703703704,0.0,0.0,0.0,0.0062402496099844,Return,0,0,0,1
368,tcas,u-VGSR,0,0,0.5,0.25,0.3703703703703704,0.0,0.0,0.0,0.0062402496099844,Return,0,0,0,1
369,tcas,u-VGSR,0,0,0.5,0.25,0.3703703703703704,0.0,0.0,0.0,0.0062402496099844,Return,0,0,0,1
370,tcas,u-VGSR,0,0,0.5,0.25,0.3703703703703704,0.0,0.0,0.0,0.0062402496099844,Return,0,0,0,1
371,tcas,u-VGSR,0,0,0.5,0.25,0.3703703703703704,0.0,0.0,0.0,0.0062402496099844,Return,0,0,0,1
372,tcas,u-VLSR,1,0,0.0,0.0,0.0,0.4,0.25,0.3636363636363637,1.0,Assignment,0,0,0,1
373,tcas,u-VLSR,1,0,0.0,0.0,0.0,0.4,0.25,0.3636363636363637,1.0,Assignment,0,0,0,1
374,tcas,u-VLSR,1,0,0.0,0.0,0.0,0.4,0.25,0.3636363636363637,1.0,Assignment,0,0,0,1
375,tcas,u-VLSR,1,0,0.0,0.0,0.0,0.4,0.25,0.3636363636363637,1.0,Assignment,0,0,0,1
376,tcas,u-VLSR,1,0,0.0,0.0,0.0,0.4,0.25,0.3636363636363637,1.0,Assignment,0,0,0,1
377,tcas,u-VLSR,1,0,0.0,0.0,0.0,0.4,0.25,0.3636363636363637,1.0,If,0,0,0,1
378,tcas,u-VLSR,1,0,0.0,0.0,0.0,0.4,0.25,0.3636363636363637,1.0,If,0,0,0,1
379,tcas,u-VLSR,0,1,0.25,0.125,0.1851851851851852,0.2,0.125,0.18181818181818185,0.2589703588143526,Assignment,0,0,1,0
380,tcas,u-VLSR,0,1,0.25,0.125,0.1851851851851852,0.2,0.125,0.18181818181818185,0.2589703588143526,Assignment,0,0,1,0
381,tcas,u-VLSR,0,1,0.25,0.125,0.1851851851851852,0.2,0.125,0.18181818181818185,0.2589703588143526,Assignment,0,0,1,0
382,tcas,u-VLSR,0,1,0.25,0.125,0.1851851851851852,0.2,0.125,0.18181818181818185,0.2589703588143526,Assignment,0,0,1,0
383,tcas,u-VLSR,0,1,0.25,0.125,0.1851851851851852,0.2,0.125,0.18181818181818185,0.2589703588143526,Assignment,0,0,1,0
384,tcas,u-VLSR,0,1,0.25,0.125,0.1851851851851852,0.2,0.125,0.18181818181818185,0.0,Assignment,0,0,1,0
385,tcas,u-VLSR,0,1,0.25,0.125,0.1851851851851852,0.2,0.125,0.18181818181818185,0.0,Assignment,1,0,1,0
386,tcas,u-VLSR,0,1,0.25,0.125,0.1851851851851852,0.2,0.125,0.18181818181818185,0.0,Assignment,1,0,1,0
387,tcas,u-VLSR,0,1,0.25,0.125,0.1851851851851852,0.2,0.125,0.18181818181818185,0.0,Assignment,1,0,1,0
388,tcas,u-VLSR,0,1,0.25,0.125,0.1851851851851852,0.2,0.125,0.18181818181818185,0.0,Assignment,1,0,1,0
389,tcas,u-VLSR,0,1,0.25,0.125,0.1851851851851852,0.2,0.125,0.18181818181818185,0.0,Assignment,1,0,1,0
390,tcas,u-VLSR,0,1,0.25,0.125,0.1851851851851852,0.2,0.125,0.18181818181818185,0.0,Assignment,1,0,1,0
391,tcas,u-VLSR,0,1,0.25,0.125,0.1851851851851852,0.2,0.125,0.18181818181818185,0.0,Assignment,1,0,1,0
392,tcas,u-VLSR,0,0,0.5,0.25,0.3703703703703704,0.0,0.0,0.0,0.0062402496099844,Return,0,0,1,0
393,tcas,u-VLSR,0,0,0.5,0.25,0.3703703703703704,0.0,0.0,0.0,0.0062402496099844,Return,0,0,1,0
394,tcas,u-VTWD,1,0,0.0,0.0,0.0,0.4,0.25,0.3636363636363637,1.0,Assignment,0,1,0,0
395,tcas,u-VTWD,1,0,0.0,0.0,0.0,0.4,0.25,0.3636363636363637,1.0,Assignment,1,0,0,1
396,tcas,u-VTWD,1,0,0.0,0.0,0.0,0.4,0.25,0.3636363636363637,1.0,If,0,0,0,1
397,tcas,u-VTWD,1,0,0.0,0.0,0.0,0.4,0.25,0.3636363636363637,1.0,If,0,0,0,1
398,tcas,u-VTWD,0,1,0.25,0.125,0.1851851851851852,0.2,0.125,0.18181818181818185,0.2589703588143526,Assignment,0,1,1,1
399,tcas,u-VTWD,0,1,0.25,0.125,0.1851851851851852,0.2,0.125,0.18181818181818185,0.2589703588143526,Assignment,0,1,1,1
400,tcas,u-VTWD,0,1,0.25,0.125,0.1851851851851852,0.2,0.125,0.18181818181818185,0.0,Assignment,1,0,1,0
401,tcas,u-VTWD,0,1,0.25,0.125,0.1851851851851852,0.2,0.125,0.18181818181818185,0.0,Assignment,1,0,1,0
402,tcas,u-VTWD,0,1,0.25,0.125,0.1851851851851852,0.2,0.125,0.18181818181818185,0.0,Assignment,1,0,1,0
403,tcas,u-VTWD,0,1,0.25,0.125,0.1851851851851852,0.2,0.125,0.18181818181818185,0.0,Assignment,1,0,1,0
404,tcas,u-VTWD,0,0,0.5,0.25,0.3703703703703704,0.0,0.0,0.0,0.0062402496099844,Return,0,0,0,1
405,tcas,u-VTWD,0,0,0.5,0.25,0.3703703703703704,0.0,0.0,0.0,0.0062402496099844,Return,0,0,0,1
406,tcas,u-VVDL,1,0,0.0,0.0,0.0,0.4,0.25,0.3636363636363637,1.0,Assignment,0,0,0,1
407,tcas,u-VVDL,0,1,0.25,0.125,0.1851851851851852,0.2,0.125,0.18181818181818185,0.2589703588143526,Assignment,0,0,1,0
408,tcas,u-VVDL,0,1,0.25,0.125,0.1851851851851852,0.2,0.125,0.18181818181818185,0.0,Assignment,1,0,1,0
409,tcas,u-VVDL,0,1,0.25,0.125,0.1851851851851852,0.2,0.125,0.18181818181818185,0.0,Assignment,1,0,1,0
410,tcas,u-CCDL,0,1,0.25,0.125,0.1851851851851852,0.2,0.125,0.18181818181818185,0.2589703588143526,Assignment,1,0,1,0
411,tcas,u-Ccsr,1,0,0.0,0.0,0.0,0.4,0.25,0.3636363636363637,1.0,Assignment,0,0,0,1
412,tcas,u-Ccsr,1,0,0.0,0.0,0.0,0.4,0.25,0.3636363636363637,1.0,If,0,0,1,0
413,tcas,u-Ccsr,0,1,0.25,0.125,0.1851851851851852,0.2,0.125,0.18181818181818185,0.2589703588143526,Assignment,1,0,0,1
414,tcas,u-Ccsr,0,1,0.25,0.125,0.1851851851851852,0.2,0.125,0.18181818181818185,0.2589703588143526,Assignment,1,0,0,1
415,tcas,u-Ccsr,0,1,0.25,0.125,0.1851851851851852,0.2,0.125,0.18181818181818185,0.0,Assignment,0,0,0,1
416,tcas,u-Ccsr,0,0,0.5,0.25,0.3703703703703704,0.0,0.0,0.0,0.0062402496099844,Return,0,0,0,1
417,tcas,u-CRCR,1,0,0.0,0.0,0.0,0.4,0.25,0.3636363636363637,1.0,Assignment,0,0,0,1
418,tcas,u-CRCR,1,0,0.0,0.0,0.0,0.4,0.25,0.3636363636363637,1.0,Assignment,0,0,0,1
419,tcas,u-CRCR,1,0,0.0,0.0,0.0,0.4,0.25,0.3636363636363637,1.0,Assignment,0,0,0,1
420,tcas,u-CRCR,1,0,0.0,0.0,0.0,0.4,0.25,0.3636363636363637,1.0,Assignment,0,0,0,1
421,tcas,u-CRCR,1,0,0.0,0.0,0.0,0.4,0.25,0.3636363636363637,1.0,Assignment,0,0,0,1
422,tcas,u-CRCR,1,0,0.0,0.0,0.0,0.4,0.25,0.3636363636363637,1.0,If,0,0,0,1
423,tcas,u-CRCR,1,0,0.0,0.0,0.0,0.4,0.25,0.3636363636363637,1.0,If,0,0,0,1
424,tcas,u-CRCR,1,0,0.0,0.0,0.0,0.4,0.25,0.3636363636363637,1.0,If,0,0,0,1
425,tcas,u-CRCR,1,0,0.0,0.0,0.0,0.4,0.25,0.3636363636363637,1.0,If,0,0,0,1
426,tcas,u-CRCR,1,0,0.0,0.0,0.0,0.4,0.25,0.3636363636363637,1.0,If,0,0,0,1
427,tcas,u-CRCR,0,1,0.25,0.125,0.1851851851851852,0.2,0.125,0.18181818181818185,0.2589703588143526,Assignment,1,0,0,1
428,tcas,u-CRCR,0,1,0.25,0.125,0.1851851851851852,0.2,0.125,0.18181818181818185,0.2589703588143526,Assignment,1,0,0,1
429,tcas,u-CRCR,0,1,0.25,0.125,0.1851851851851852,0.2,0.125,0.18181818181818185,0.2589703588143526,Assignment,1,0,0,1
430,tcas,u-CRCR,0,1,0.25,0.125,0.1851851851851852,0.2,0.125,0.18181818181818185,0.2589703588143526,Assignment,1,0,0,1
431,tcas,u-CRCR,0,1,0.25,0.125,0.1851851851851852,0.2,0.125,0.18181818181818185,0.2589703588143526,Assignment,1,0,0,1
432,tcas,u-CRCR,0,1,0.25,0.125,0.1851851851851852,0.2,0.125,0.18181818181818185,0.2589703588143526,Assignment,1,0,0,1
433,tcas,u-CRCR,0,1,0.25,0.125,0.1851851851851852,0.2,0.125,0.18181818181818185,0.2589703588143526,Assignment,1,0,0,1
434,tcas,u-CRCR,0,1,0.25,0.125,0.1851851851851852,0.2,0.125,0.18181818181818185,0.2589703588143526,Assignment,1,0,0,1
435,tcas,u-CRCR,0,1,0.25,0.125,0.1851851851851852,0.2,0.125,0.18181818181818185,0.2589703588143526,Assignment,1,0,0,1
436,tcas,u-CRCR,0,1,0.25,0.125,0.1851851851851852,0.2,0.125,0.18181818181818185,0.2589703588143526,Assignment,1,0,0,1
437,tcas,u-CRCR,0,1,0.25,0.125,0.1851851851851852,0.2,0.125,0.18181818181818185,0.0,Assignment,0,0,0,1
438,tcas,u-CRCR,0,1,0.25,0.125,0.1851851851851852,0.2,0.125,0.18181818181818185,0.0,Assignment,0,0,0,1
439,tcas,u-CRCR,0,1,0.25,0.125,0.1851851851851852,0.2,0.125,0.18181818181818185,0.0,Assignment,0,0,0,1
440,tcas,u-CRCR,0,1,0.25,0.125,0.1851851851851852,0.2,0.125,0.18181818181818185,0.0,Assignment,0,0,0,1
441,tcas,u-CRCR,0,1,0.25,0.125,0.1851851851851852,0.2,0.125,0.18181818181818185,0.0,Assignment,0,0,0,1
442,tcas,u-CRCR,0,0,0.5,0.25,0.3703703703703704,0.0,0.0,0.0,0.0062402496099844,Return,0,0,0,1
443,tcas,u-CRCR,0,0,0.5,0.25,0.3703703703703704,0.0,0.0,0.0,0.0062402496099844,Return,0,0,0,1
444,tcas,u-CRCR,0,0,0.5,0.25,0.3703703703703704,0.0,0.0,0.0,0.0062402496099844,Return,0,0,0,1
445,tcas,u-CRCR,0,0,0.5,0.25,0.3703703703703704,0.0,0.0,0.0,0.0062402496099844,Return,0,0,0,1
446,tcas,u-CRCR,0,0,0.5,0.25,0.3703703703703704,0.0,0.0,0.0,0.0062402496099844,Return,0,0,0,1
447,tcas,u-OCNG,1,0,0.0,0.0,0.0,0.4,0.25,0.3636363636363637,1.0,If,0,0,0,1
448,tcas,u-OEAA,1,0,0.0,0.0,0.0,0.4,0.25,0.3636363636363637,1.0,Assignment,1,0,1,0
449,tcas,u-OEAA,1,0,0.0,0.0,0.0,0.4,0.25,0.3636363636363637,1.0,Assignment,0,0,1,0
450,tcas,u-OEAA,1,0,0.0,0.0,0.0,0.4,0.25,0.3636363636363637,1.0,Assignment,0,0,1,0
451,tcas,u-OEAA,1,0,0.0,0.0,0.0,0.4,0.25,0.3636363636363637,1.0,Assignment,0,0,1,0
452,tcas,u-OEAA,1,0,0.0,0.0,0.0,0.4,0.25,0.3636363636363637,1.0,Assignment,0,0,1,0
453,tcas,u-OEAA,0,1,0.25,0.125,0.1851851851851852,0.2,0.125,0.18181818181818185,0.2589703588143526,Assignment,1,0,1,0
454,tcas,u-OEAA,0,1,0.25,0.125,0.1851851851851852,0.2,0.125,0.18181818181818185,0.2589703588143526,Assignment,0,0,1,0
455,tcas,u-OEAA,0,1,0.25,0.125,0.1851851851851852,0.2,0.125,0.18181818181818185,0.2589703588143526,Assignment,0,0,1,0
456,tcas,u-OEAA,0,1,0.25,0.125,0.1851851851851852,0.2,0.125,0.18181818181818185,0.2589703588143526,Assignment,0,0,1,0
457,tcas,u-OEAA,0,1,0.25,0.125,0.1851851851851852,0.2,0.125,0.18181818181818185,0.2589703588143526,Assignment,0,0,1,0
458,tcas,u-OEAA,0,1,0.25,0.125,0.1851851851851852,0.2,0.125,0.18181818181818185,0.0,Assignment,1,0,1,0
459,tcas,u-OEAA,0,1,0.25,0.125,0.1851851851851852,0.2,0.125,0.18181818181818185,0.0,Assignment,0,0,1,0
460,tcas,u-OEAA,0,1,0.25,0.125,0.1851851851851852,0.2,0.125,0.18181818181818185,0.0,Assignment,0,0,1,0
461,tcas,u-OEAA,0,1,0.25,0.125,0.1851851851851852,0.2,0.125,0.18181818181818185,0.0,Assignment,0,0,1,0
462,tcas,u-OEAA,0,1,0.25,0.125,0.1851851851851852,0.2,0.125,0.18181818181818185,0.0,Assignment,0,0,1,0
463,tcas,u-OEBA,1,0,0.0,0.0,0.0,0.4,0.25,0.3636363636363637,1.0,Assignment,0,1,0,0
464,tcas,u-OEBA,1,0,0.0,0.0,0.0,0.4,0.25,0.3636363636363637,1.0,Assignment,0,0,0,1
465,tcas,u-OEBA,1,0,0.0,0.0,0.0,0.4,0.25,0.3636363636363637,1.0,Assignment,0,0,0,1
466,tcas,u-OEBA,0,1,0.25,0.125,0.1851851851851852,0.2,0.125,0.18181818181818185,0.2589703588143526,Assignment,1,0,1,0
467,tcas,u-OEBA,0,1,0.25,0.125,0.1851851851851852,0.2,0.125,0.18181818181818185,0.2589703588143526,Assignment,0,0,1,0
468,tcas,u-OEBA,0,1,0.25,0.125,0.1851851851851852,0.2,0.125,0.18181818181818185,0.2589703588143526,Assignment,0,0,1,0
469,tcas,u-OEBA,0,1,0.25,0.125,0.1851851851851852,0.2,0.125,0.18181818181818185,0.0,Assignment,0,0,1,0
470,tcas,u-OEBA,0,1,0.25,0.125,0.1851851851851852,0.2,0.125,0.18181818181818185,0.0,Assignment,0,0,1,0
471,tcas,u-OEBA,0,1,0.25,0.125,0.1851851851851852,0.2,0.125,0.18181818181818185,0.0,Assignment,0,0,1,0
472,tcas,u-OESA,1,0,0.0,0.0,0.0,0.4,0.25,0.3636363636363637,1.0,Assignment,0,0,0,1
473,tcas,u-OESA,1,0,0.0,0.0,0.0,0.4,0.25,0.3636363636363637,1.0,Assignment,0,0,0,1
474,tcas,u-OESA,0,1,0.25,0.125,0.1851851851851852,0.2,0.125,0.18181818181818185,0.2589703588143526,Assignment,0,0,1,0
475,tcas,u-OESA,0,1,0.25,0.125,0.1851851851851852,0.2,0.125,0.18181818181818185,0.2589703588143526,Assignment,0,0,1,0
476,tcas,u-OESA,0,1,0.25,0.125,0.1851851851851852,0.2,0.125,0.18181818181818185,0.0,Assignment,0,0,1,0
477,tcas,u-OESA,0,1,0.25,0.125,0.1851851851851852,0.2,0.125,0.18181818181818185,0.0,Assignment,0,0,1,0
478,tcas,u-OLAN,0,1,0.25,0.125,0.1851851851851852,0.2,0.125,0.18181818181818185,0.2589703588143526,Assignment,0,0,1,0
479,tcas,u-OLAN,0,1,0.25,0.125,0.1851851851851852,0.2,0.125,0.18181818181818185,0.2589703588143526,Assignment,0,0,1,0
480,tcas,u-OLAN,0,1,0.25,0.125,0.1851851851851852,0.2,0.125,0.18181818181818185,0.2589703588143526,Assignment,1,0,1,0
481,tcas,u-OLAN,0,1,0.25,0.125,0.1851851851851852,0.2,0.125,0.18181818181818185,0.2589703588143526,Assignment,1,0,1,0
482,tcas,u-OLAN,0,1,0.25,0.125,0.1851851851851852,0.2,0.125,0.18181818181818185,0.2589703588143526,Assignment,1,0,1,0
483,tcas,u-OLAN,0,1,0.25,0.125,0.1851851851851852,0.2,0.125,0.18181818181818185,0.2589703588143526,Assignment,0,0,1,0
484,tcas,u-OLAN,0,1,0.25,0.125,0.1851851851851852,0.2,0.125,0.18181818181818185,0.2589703588143526,Assignment,0,0,1,0
485,tcas,u-OLAN,0,1,0.25,0.125,0.1851851851851852,0.2,0.125,0.18181818181818185,0.2589703588143526,Assignment,1,0,1,0
486,tcas,u-OLAN,0,1,0.25,0.125,0.1851851851851852,0.2,0.125,0.18181818181818185,0.2589703588143526,Assignment,0,0,1,0
487,tcas,u-OLAN,0,1,0.25,0.125,0.1851851851851852,0.2,0.125,0.18181818181818185,0.2589703588143526,Assignment,0,0,1,0
488,tcas,u-OLAN,0,1,0.25,0.125,0.1851851851851852,0.2,0.125,0.18181818181818185,0.0,Assignment,0,0,1,0
489,tcas,u-OLAN,0,1,0.25,0.125,0.1851851851851852,0.2,0.125,0.18181818181818185,0.0,Assignment,0,0,1,0
490,tcas,u-OLAN,0,1,0.25,0.125,0.1851851851851852,0.2,0.125,0.18181818181818185,0.0,Assignment,1,0,1,0
491,tcas,u-OLAN,0,1,0.25,0.125,0.1851851851851852,0.2,0.125,0.18181818181818185,0.0,Assignment,0,0,1,0
492,tcas,u-OLAN,0,1,0.25,0.125,0.1851851851851852,0.2,0.125,0.18181818181818185,0.0,Assignment,0,0,1,0
493,tcas,u-OLAN,0,1,0.25,0.125,0.1851851851851852,0.2,0.125,0.18181818181818185,0.0,Assignment,1,0,1,0
494,tcas,u-OLAN,0,1,0.25,0.125,0.1851851851851852,0.2,0.125,0.18181818181818185,0.0,Assignment,1,0,1,0
495,tcas,u-OLAN,0,1,0.25,0.125,0.1851851851851852,0.2,0.125,0.18181818181818185,0.0,Assignment,0,0,1,0
496,tcas,u-OLAN,0,1,0.25,0.125,0.1851851851851852,0.2,0.125,0.18181818181818185,0.0,Assignment,0,0,1,0
497,tcas,u-OLAN,0,1,0.25,0.125,0.1851851851851852,0.2,0.125,0.18181818181818185,0.0,Assignment,0,0,1,0
498,tcas,u-OLBN,0,1,0.25,0.125,0.1851851851851852,0.2,0.125,0.18181818181818185,0.2589703588143526,Assignment,0,0,1,0
499,tcas,u-OLBN,0,1,0.25,0.125,0.1851851851851852,0.2,0.125,0.18181818181818185,0.2589703588143526,Assignment,1,0,0,1
500,tcas,u-OLBN,0,1,0.25,0.125,0.1851851851851852,0.2,0.125,0.18181818181818185,0.2589703588143526,Assignment,0,0,1,0
501,tcas,u-OLBN,0,1,0.25,0.125,0.1851851851851852,0.2,0.125,0.18181818181818185,0.2589703588143526,Assignment,0,0,1,0
502,tcas,u-OLBN,0,1,0.25,0.125,0.1851851851851852,0.2,0.125,0.18181818181818185,0.2589703588143526,Assignment,1,0,0,1
503,tcas,u-OLBN,0,1,0.25,0.125,0.1851851851851852,0.2,0.125,0.18181818181818185,0.2589703588143526,Assignment,0,0,1,0
504,tcas,u-OLBN,0,1,0.25,0.125,0.1851851851851852,0.2,0.125,0.18181818181818185,0.0,Assignment,0,0,1,0
505,tcas,u-OLBN,0,1,0.25,0.125,0.1851851851851852,0.2,0.125,0.18181818181818185,0.0,Assignment,1,0,0,1
506,tcas,u-OLBN,0,1,0.25,0.125,0.1851851851851852,0.2,0.125,0.18181818181818185,0.0,Assignment,0,0,1,0
507,tcas,u-OLBN,0,1,0.25,0.125,0.1851851851851852,0.2,0.125,0.18181818181818185,0.0,Assignment,1,0,0,1
508,tcas,u-OLBN,0,1,0.25,0.125,0.1851851851851852,0.2,0.125,0.18181818181818185,0.0,Assignment,0,0,1,0
509,tcas,u-OLBN,0,1,0.25,0.125,0.1851851851851852,0.2,0.125,0.18181818181818185,0.0,Assignment,1,0,0,1
510,tcas,u-OLLN,0,1,0.25,0.125,0.1851851851851852,0.2,0.125,0.18181818181818185,0.2589703588143526,Assignment,0,0,0,1
511,tcas,u-OLLN,0,1,0.25,0.125,0.1851851851851852,0.2,0.125,0.18181818181818185,0.2589703588143526,Assignment,0,0,0,1
512,tcas,u-OLLN,0,1,0.25,0.125,0.1851851851851852,0.2,0.125,0.18181818181818185,0.0,Assignment,0,0,0,1
513,tcas,u-OLLN,0,1,0.25,0.125,0.1851851851851852,0.2,0.125,0.18181818181818185,0.0,Assignment,0,0,0,1
514,tcas,u-OLNG,0,1,0.25,0.125,0.1851851851851852,0.2,0.125,0.18181818181818185,0.2589703588143526,Assignment,1,0,0,1
515,tcas,u-OLNG,0,1,0.25,0.125,0.1851851851851852,0.2,0.125,0.18181818181818185,0.2589703588143526,Assignment,0,0,1,0
516,tcas,u-OLNG,0,1,0.25,0.125,0.1851851851851852,0.2,0.125,0.18181818181818185,0.2589703588143526,Assignment,0,0,1,0
517,tcas,u-OLNG,0,1,0.25,0.125,0.1851851851851852,0.2,0.125,0.18181818181818185,0.2589703588143526,Assignment,1,0,0,1
518,tcas,u-OLNG,0,1,0.25,0.125,0.1851851851851852,0.2,0.125,0.18181818181818185,0.2589703588143526,Assignment,0,0,1,0
519,tcas,u-OLNG,0,1,0.25,0.125,0.1851851851851852,0.2,0.125,0.18181818181818185,0.2589703588143526,Assignment,0,0,1,0
520,tcas,u-OLNG,0,1,0.25,0.125,0.1851851851851852,0.2,0.125,0.18181818181818185,0.0,Assignment,0,0,1,0
521,tcas,u-OLNG,0,1,0.25,0.125,0.1851851851851852,0.2,0.125,0.18181818181818185,0.0,Assignment,0,0,1,0
522,tcas,u-OLNG,0,1,0.25,0.125,0.1851851851851852,0.2,0.125,0.18181818181818185,0.0,Assignment,0,0,1,0
523,tcas,u-OLNG,0,1,0.25,0.125,0.1851851851851852,0.2,0.125,0.18181818181818185,0.0,Assignment,0,0,1,0
524,tcas,u-OLNG,0,1,0.25,0.125,0.1851851851851852,0.2,0.125,0.18181818181818185,0.0,Assignment,0,0,1,0
525,tcas,u-OLNG,0,1,0.25,0.125,0.1851851851851852,0.2,0.125,0.18181818181818185,0.0,Assignment,0,0,1,0
526,tcas,u-OLRN,0,1,0.25,0.125,0.1851851851851852,0.2,0.125,0.18181818181818185,0.2589703588143526,Assignment,0,0,1,0
527,tcas,u-OLRN,0,1,0.25,0.125,0.1851851851851852,0.2,0.125,0.18181818181818185,0.2589703588143526,Assignment,1,0,1,0
528,tcas,u-OLRN,0,1,0.25,0.125,0.1851851851851852,0.2,0.125,0.18181818181818185,0.2589703588143526,Assignment,0,0,1,0
529,tcas,u-OLRN,0,1,0.25,0.125,0.1851851851851852,0.2,0.125,0.18181818181818185,0.2589703588143526,Assignment,1,0,1,0
530,tcas,u-OLRN,0,1,0.25,0.125,0.1851851851851852,0.2,0.125,0.18181818181818185,0.2589703588143526,Assignment,1,0,1,0
531,tcas,u-OLRN,0,1,0.25,0.125,0.1851851851851852,0.2,0.125,0.18181818181818185,0.2589703588143526,Assignment,0,0,1,0
532,tcas,u-OLRN,0,1,0.25,0.125,0.1851851851851852,0.2,0.125,0.18181818181818185,0.2589703588143526,Assignment,0,0,1,0
533,tcas,u-OLRN,0,1,0.25,0.125,0.1851851851851852,0.2,0.125,0.18181818181818185,0.2589703588143526,Assignment,1,0,1,0
534,tcas,u-OLRN,0,1,0.25,0.125,0.1851851851851852,0.2,0.125,0.18181818181818185,0.2589703588143526,Assignment,0,0,1,0
535,tcas,u-OLRN,0,1,0.25,0.125,0.1851851851851852,0.2,0.125,0.18181818181818185,0.2589703588143526,Assignment,0,1,1,1
536,tcas,u-OLRN,0,1,0.25,0.125,0.1851851851851852,0.2,0.125,0.18181818181818185,0.2589703588143526,Assignment,0,1,1,1
537,tcas,u-OLRN,0,1,0.25,0.125,0.1851851851851852,0.2,0.125,0.18181818181818185,0.2589703588143526,Assignment,0,0,1,0
538,tcas,u-OLRN,0,1,0.25,0.125,0.1851851851851852,0.2,0.125,0.18181818181818185,0.0,Assignment,0,0,1,0
539,tcas,u-OLRN,0,1,0.25,0.125,0.1851851851851852,0.2,0.125,0.18181818181818185,0.0,Assignment,0,0,1,0
540,tcas,u-OLRN,0,1,0.25,0.125,0.1851851851851852,0.2,0.125,0.18181818181818185,0.0,Assignment,1,0,1,0
541,tcas,u-OLRN,0,1,0.25,0.125,0.1851851851851852,0.2,0.125,0.18181818181818185,0.0,Assignment,0,0,1,0
542,tcas,u-OLRN,0,1,0.25,0.125,0.1851851851851852,0.2,0.125,0.18181818181818185,0.0,Assignment,1,0,1,0
543,tcas,u-OLRN,0,1,0.25,0.125,0.1851851851851852,0.2,0.125,0.18181818181818185,0.0,Assignment,0,0,1,0
544,tcas,u-OLRN,0,1,0.25,0.125,0.1851851851851852,0.2,0.125,0.18181818181818185,0.0,Assignment,1,0,1,0
545,tcas,u-OLRN,0,1,0.25,0.125,0.1851851851851852,0.2,0.125,0.18181818181818185,0.0,Assignment,0,0,1,0
546,tcas,u-OLRN,0,1,0.25,0.125,0.1851851851851852,0.2,0.125,0.18181818181818185,0.0,Assignment,0,0,1,0
547,tcas,u-OLRN,0,1,0.25,0.125,0.1851851851851852,0.2,0.125,0.18181818181818185,0.0,Assignment,0,0,1,0
548,tcas,u-OLRN,0,1,0.25,0.125,0.1851851851851852,0.2,0.125,0.18181818181818185,0.0,Assignment,0,0,1,0
549,tcas,u-OLRN,0,1,0.25,0.125,0.1851851851851852,0.2,0.125,0.18181818181818185,0.0,Assignment,1,0,1,0
550,tcas,u-OLSN,0,1,0.25,0.125,0.1851851851851852,0.2,0.125,0.18181818181818185,0.2589703588143526,Assignment,1,0,1,0
551,tcas,u-OLSN,0,1,0.25,0.125,0.1851851851851852,0.2,0.125,0.18181818181818185,0.2589703588143526,Assignment,1,0,1,0
552,tcas,u-OLSN,0,1,0.25,0.125,0.1851851851851852,0.2,0.125,0.18181818181818185,0.2589703588143526,Assignment,1,0,1,0
553,tcas,u-OLSN,0,1,0.25,0.125,0.1851851851851852,0.2,0.125,0.18181818181818185,0.2589703588143526,Assignment,1,0,1,0
554,tcas,u-OLSN,0,1,0.25,0.125,0.1851851851851852,0.2,0.125,0.18181818181818185,0.0,Assignment,0,0,1,0
555,tcas,u-OLSN,0,1,0.25,0.125,0.1851851851851852,0.2,0.125,0.18181818181818185,0.0,Assignment,0,0,1,0
556,tcas,u-OLSN,0,1,0.25,0.125,0.1851851851851852,0.2,0.125,0.18181818181818185,0.0,Assignment,0,0,1,0
557,tcas,u-OLSN,0,1,0.25,0.125,0.1851851851851852,0.2,0.125,0.18181818181818185,0.0,Assignment,0,0,1,0
558,tcas,u-OODL,1,0,0.0,0.0,0.0,0.4,0.25,0.3636363636363637,1.0,Assignment,0,0,0,1
559,tcas,u-OODL,1,0,0.0,0.0,0.0,0.4,0.25,0.3636363636363637,1.0,Assignment,0,0,0,1
560,tcas,u-OODL,0,1,0.25,0.125,0.1851851851851852,0.2,0.125,0.18181818181818185,0.2589703588143526,Assignment,1,0,0,1
561,tcas,u-OODL,0,1,0.25,0.125,0.1851851851851852,0.2,0.125,0.18181818181818185,0.2589703588143526,Assignment,1,0,0,1
562,tcas,u-OODL,0,1,0.25,0.125,0.1851851851851852,0.2,0.125,0.18181818181818185,0.2589703588143526,Assignment,1,0,0,1
563,tcas,u-OODL,0,1,0.25,0.125,0.1851851851851852,0.2,0.125,0.18181818181818185,0.2589703588143526,Assignment,0,0,1,0
564,tcas,u-OODL,0,1,0.25,0.125,0.1851851851851852,0.2,0.125,0.18181818181818185,0.2589703588143526,Assignment,1,0,0,1
565,tcas,u-OODL,0,1,0.25,0.125,0.1851851851851852,0.2,0.125,0.18181818181818185,0.2589703588143526,Assignment,1,0,0,1
566,tcas,u-OODL,0,1,0.25,0.125,0.1851851851851852,0.2,0.125,0.18181818181818185,0.2589703588143526,Assignment,1,0,0,1
567,tcas,u-OODL,0,1,0.25,0.125,0.1851851851851852,0.2,0.125,0.18181818181818185,0.2589703588143526,Assignment,0,0,1,0
568,tcas,u-OODL,0,1,0.25,0.125,0.1851851851851852,0.2,0.125,0.18181818181818185,0.0,Assignment,0,0,1,0
569,tcas,u-OODL,0,1,0.25,0.125,0.1851851851851852,0.2,0.125,0.18181818181818185,0.0,Assignment,0,0,1,0
570,tcas,u-OODL,0,1,0.25,0.125,0.1851851851851852,0.2,0.125,0.18181818181818185,0.0,Assignment,0,0,1,0
571,tcas,u-OODL,0,1,0.25,0.125,0.1851851851851852,0.2,0.125,0.18181818181818185,0.0,Assignment,0,0,1,0
572,tcas,u-OODL,0,1,0.25,0.125,0.1851851851851852,0.2,0.125,0.18181818181818185,0.0,Assignment,1,0,0,1
573,tcas,u-OODL,0,1,0.25,0.125,0.1851851851851852,0.2,0.125,0.18181818181818185,0.0,Assignment,0,0,1,0
574,tcas,u-OODL,0,1,0.25,0.125,0.1851851851851852,0.2,0.125,0.18181818181818185,0.0,Assignment,1,0,0,1
575,tcas,u-ORAN,1,0,0.0,0.0,0.0,0.4,0.25,0.3636363636363637,1.0,Assignment,0,0,0,1
576,tcas,u-ORAN,1,0,0.0,0.0,0.0,0.4,0.25,0.3636363636363637,1.0,Assignment,0,0,0,1
577,tcas,u-ORAN,1,0,0.0,0.0,0.0,0.4,0.25,0.3636363636363637,1.0,Assignment,0,0,0,1
578,tcas,u-ORAN,1,0,0.0,0.0,0.0,0.4,0.25,0.3636363636363637,1.0,Assignment,0,0,0,1
579,tcas,u-ORAN,1,0,0.0,0.0,0.0,0.4,0.25,0.3636363636363637,1.0,Assignment,0,0,0,1
580,tcas,u-ORAN,0,1,0.25,0.125,0.1851851851851852,0.2,0.125,0.18181818181818185,0.2589703588143526,Assignment,1,0,0,1
581,tcas,u-ORAN,0,1,0.25,0.125,0.1851851851851852,0.2,0.125,0.18181818181818185,0.2589703588143526,Assignment,1,0,0,1
582,tcas,u-ORAN,0,1,0.25,0.125,0.1851851851851852,0.2,0.125,0.18181818181818185,0.2589703588143526,Assignment,1,0,0,1
583,tcas,u-ORAN,0,1,0.25,0.125,0.1851851851851852,0.2,0.125,0.18181818181818185,0.2589703588143526,Assignment,1,0,0,1
584,tcas,u-ORAN,0,1,0.25,0.125,0.1851851851851852,0.2,0.125,0.18181818181818185,0.2589703588143526,Assignment,1,0,0,1
585,tcas,u-ORAN,0,1,0.25,0.125,0.1851851851851852,0.2,0.125,0.18181818181818185,0.2589703588143526,Assignment,1,0,0,1
586,tcas,u-ORAN,0,1,0.25,0.125,0.1851851851851852,0.2,0.125,0.18181818181818185,0.2589703588143526,Assignment,1,0,0,1
587,tcas,u-ORAN,0,1,0.25,0.125,0.1851851851851852,0.2,0.125,0.18181818181818185,0.2589703588143526,Assignment,1,0,0,1
588,tcas,u-ORAN,0,1,0.25,0.125,0.1851851851851852,0.2,0.125,0.18181818181818185,0.2589703588143526,Assignment,0,1,1,1
589,tcas,u-ORAN,0,1,0.25,0.125,0.1851851851851852,0.2,0.125,0.18181818181818185,0.2589703588143526,Assignment,0,1,1,1
590,tcas,u-ORAN,0,1,0.25,0.125,0.1851851851851852,0.2,0.125,0.18181818181818185,0.0,Assignment,0,0,1,0
591,tcas,u-ORAN,0,1,0.25,0.125,0.1851851851851852,0.2,0.125,0.18181818181818185,0.0,Assignment,0,0,1,0
592,tcas,u-ORAN,0,1,0.25,0.125,0.1851851851851852,0.2,0.125,0.18181818181818185,0.0,Assignment,0,0,1,0
593,tcas,u-ORAN,0,1,0.25,0.125,0.1851851851851852,0.2,0.125,0.18181818181818185,0.0,Assignment,1,0,0,1
594,tcas,u-ORAN,0,1,0.25,0.125,0.1851851851851852,0.2,0.125,0.18181818181818185,0.0,Assignment,0,0,1,0
595,tcas,u-ORBN,1,0,0.0,0.0,0.0,0.4,0.25,0.3636363636363637,1.0,Assignment,0,0,0,1
596,tcas,u-ORBN,1,0,0.0,0.0,0.0,0.4,0.25,0.3636363636363637,1.0,Assignment,0,0,0,1
597,tcas,u-ORBN,1,0,0.0,0.0,0.0,0.4,0.25,0.3636363636363637,1.0,Assignment,0,0,0,1
598,tcas,u-ORBN,0,1,0.25,0.125,0.1851851851851852,0.2,0.125,0.18181818181818185,0.2589703588143526,Assignment,1,0,0,1
599,tcas,u-ORBN,0,1,0.25,0.125,0.1851851851851852,0.2,0.125,0.18181818181818185,0.2589703588143526,Assignment,1,0,0,1
600,tcas,u-ORBN,0,1,0.25,0.125,0.1851851851851852,0.2,0.125,0.18181818181818185,0.2589703588143526,Assignment,1,0,0,1
601,tcas,u-ORBN,0,1,0.25,0.125,0.1851851851851852,0.2,0.125,0.18181818181818185,0.2589703588143526,Assignment,1,0,0,1
602,tcas,u-ORBN,0,1,0.25,0.125,0.1851851851851852,0.2,0.125,0.18181818181818185,0.2589703588143526,Assignment,1,0,0,1
603,tcas,u-ORBN,0,1,0.25,0.125,0.1851851851851852,0.2,0.125,0.18181818181818185,0.2589703588143526,Assignment,1,0,0,1
604,tcas,u-ORBN,0,1,0.25,0.125,0.1851851851851852,0.2,0.125,0.18181818181818185,0.0,Assignment,0,0,1,0
605,tcas,u-ORBN,0,1,0.25,0.125,0.1851851851851852,0.2,0.125,0.18181818181818185,0.0,Assignment,0,0,1,0
606,tcas,u-ORBN,0,1,0.25,0.125,0.1851851851851852,0.2,0.125,0.18181818181818185,0.0,Assignment,0,0,1,0
607,tcas,u-ORLN,1,0,0.0,0.0,0.0,0.4,0.25,0.3636363636363637,1.0,Assignment,0,0,0,1
608,tcas,u-ORLN,1,0,0.0,0.0,0.0,0.4,0.25,0.3636363636363637,1.0,Assignment,0,0,0,1
609,tcas,u-ORLN,0,1,0.25,0.125,0.1851851851851852,0.2,0.125,0.18181818181818185,0.2589703588143526,Assignment,1,0,1,0
610,tcas,u-ORLN,0,1,0.25,0.125,0.1851851851851852,0.2,0.125,0.18181818181818185,0.2589703588143526,Assignment,1,0,1,0
611,tcas,u-ORLN,0,1,0.25,0.125,0.1851851851851852,0.2,0.125,0.18181818181818185,0.2589703588143526,Assignment,1,0,1,0
612,tcas,u-ORLN,0,1,0.25,0.125,0.1851851851851852,0.2,0.125,0.18181818181818185,0.2589703588143526,Assignment,1,0,1,0
613,tcas,u-ORLN,0,1,0.25,0.125,0.1851851851851852,0.2,0.125,0.18181818181818185,0.0,Assignment,0,0,1,0
614,tcas,u-ORLN,0,1,0.25,0.125,0.1851851851851852,0.2,0.125,0.18181818181818185,0.0,Assignment,0,0,1,0
615,tcas,u-ORRN,1,0,0.0,0.0,0.0,0.4,0.25,0.3636363636363637,1.0,Assignment,0,0,0,1
616,tcas,u-ORRN,1,0,0.0,0.0,0.0,0.4,0.25,0.3636363636363637,1.0,Assignment,0,0,0,1
617,tcas,u-ORRN,1,0,0.0,0.0,0.0,0.4,0.25,0.3636363636363637,1.0,Assignment,0,1,0,0
618,tcas,u-ORRN,1,0,0.0,0.0,0.0,0.4,0.25,0.3636363636363637,1.0,Assignment,0,0,0,1
619,tcas,u-ORRN,1,0,0.0,0.0,0.0,0.4,0.25,0.3636363636363637,1.0,Assignment,0,0,0,1
620,tcas,u-ORRN,0,1,0.25,0.125,0.1851851851851852,0.2,0.125,0.18181818181818185,0.2589703588143526,Assignment,1,0,1,0
621,tcas,u-ORRN,0,1,0.25,0.125,0.1851851851851852,0.2,0.125,0.18181818181818185,0.2589703588143526,Assignment,1,0,1,0
622,tcas,u-ORRN,0,1,0.25,0.125,0.1851851851851852,0.2,0.125,0.18181818181818185,0.2589703588143526,Assignment,1,0,1,0
623,tcas,u-ORRN,0,1,0.25,0.125,0.1851851851851852,0.2,0.125,0.18181818181818185,0.2589703588143526,Assignment,1,0,1,0
624,tcas,u-ORRN,0,1,0.25,0.125,0.1851851851851852,0.2,0.125,0.18181818181818185,0.2589703588143526,Assignment,1,0,1,0
625,tcas,u-ORRN,0,1,0.25,0.125,0.1851851851851852,0.2,0.125,0.18181818181818185,0.2589703588143526,Assignment,1,0,1,0
626,tcas,u-ORRN,0,1,0.25,0.125,0.1851851851851852,0.2,0.125,0.18181818181818185,0.2589703588143526,Assignment,1,0,1,0
627,tcas,u-ORRN,0,1,0.25,0.125,0.1851851851851852,0.2,0.125,0.18181818181818185,0.2589703588143526,Assignment,1,0,1,0
628,tcas,u-ORRN,0,1,0.25,0.125,0.1851851851851852,0.2,0.125,0.18181818181818185,0.2589703588143526,Assignment,1,0,1,0
629,tcas,u-ORRN,0,1,0.25,0.125,0.1851851851851852,0.2,0.125,0.18181818181818185,0.2589703588143526,Assignment,1,0,1,0
630,tcas,u-ORRN,0,1,0.25,0.125,0.1851851851851852,0.2,0.125,0.18181818181818185,0.0,Assignment,0,0,1,0
631,tcas,u-ORRN,0,1,0.25,0.125,0.1851851851851852,0.2,0.125,0.18181818181818185,0.0,Assignment,0,1,1,1
632,tcas,u-ORRN,0,1,0.25,0.125,0.1851851851851852,0.2,0.125,0.18181818181818185,0.0,Assignment,0,0,1,0
633,tcas,u-ORRN,0,1,0.25,0.125,0.1851851851851852,0.2,0.125,0.18181818181818185,0.0,Assignment,0,0,1,0
634,tcas,u-ORRN,0,1,0.25,0.125,0.1851851851851852,0.2,0.125,0.18181818181818185,0.0,Assignment,0,0,1,0
635,tcas,u-ORSN,1,0,0.0,0.0,0.0,0.4,0.25,0.3636363636363637,1.0,Assignment,0,0,0,1
636,tcas,u-ORSN,1,0,0.0,0.0,0.0,0.4,0.25,0.3636363636363637,1.0,Assignment,0,0,0,1
637,tcas,u-ORSN,0,1,0.25,0.125,0.1851851851851852,0.2,0.125,0.18181818181818185,0.2589703588143526,Assignment,1,0,1,0
638,tcas,u-ORSN,0,1,0.25,0.125,0.1851851851851852,0.2,0.125,0.18181818181818185,0.2589703588143526,Assignment,1,0,1,0
639,tcas,u-ORSN,0,1,0.25,0.125,0.1851851851851852,0.2,0.125,0.18181818181818185,0.2589703588143526,Assignment,1,0,1,0
640,tcas,u-ORSN,0,1,0.25,0.125,0.1851851851851852,0.2,0.125,0.18181818181818185,0.2589703588143526,Assignment,1,0,1,0
641,tcas,u-ORSN,0,1,0.25,0.125,0.1851851851851852,0.2,0.125,0.18181818181818185,0.0,Assignment,0,0,1,0
642,tcas,u-ORSN,0,1,0.25,0.125,0.1851851851851852,0.2,0.125,0.18181818181818185,0.0,Assignment,0,0,1,0
643,tcas,u-SRSR,1,0,0.0,0.0,0.0,0.4,0.25,0.3636363636363637,1.0,Assignment,0,0,0,1
644,tcas,u-SRSR,0,1,0.25,0.125,0.1851851851851852,0.2,0.125,0.18181818181818185,0.2589703588143526,Assignment,0,0,1,0
645,tcas,u-SRSR,0,1,0.25,0.125,0.1851851851851852,0.2,0.125,0.18181818181818185,0.2589703588143526,Assignment,0,0,1,0
646,tcas,u-SRSR,0,1,0.25,0.125,0.1851851851851852,0.2,0.125,0.18181818181818185,0.0,Assignment,0,0,1,0
647,tcas,u-SRSR,0,1,0.25,0.125,0.1851851851851852,0.2,0.125,0.18181818181818185,0.0,Assignment,0,0,1,0
648,tcas,u-SRSR,1,0,0.0,0.0,0.0,0.4,0.25,0.3636363636363637,1.0,Block,0,0,0,1
649,tcas,u-STRI,1,0,0.0,0.0,0.0,0.4,0.25,0.3636363636363637,1.0,If,0,0,1,0
650,tcas,u-STRI,1,0,0.0,0.0,0.0,0.4,0.25,0.3636363636363637,1.0,If,0,0,1,0
651,tcas,u-STRP,1,0,0.0,0.0,0.0,0.4,0.25,0.3636363636363637,1.0,Assignment,0,0,0,1
652,tcas,u-STRP,0,1,0.25,0.125,0.1851851851851852,0.2,0.125,0.18181818181818185,0.2589703588143526,Assignment,0,0,1,0
653,tcas,u-STRP,0,1,0.25,0.125,0.1851851851851852,0.2,0.125,0.18181818181818185,0.2589703588143526,Assignment,0,0,1,0
654,tcas,u-STRP,0,1,0.25,0.125,0.1851851851851852,0.2,0.125,0.18181818181818185,0.0,Assignment,0,0,1,0
655,tcas,u-STRP,0,1,0.25,0.125,0.1851851851851852,0.2,0.125,0.18181818181818185,0.0,Assignment,0,0,1,0
656,tcas,u-STRP,1,0,0.0,0.0,0.0,0.4,0.25,0.3636363636363637,1.0,Block,0,0,0,1
657,tcas,u-STRP,0,0,0.5,0.25,0.3703703703703704,0.0,0.0,0.0,0.0062402496099844,Return,0,0,0,1
658,tcas,u-STRP,1,0,0.0,0.0,0.0,0.4,0.25,0.3636363636363637,1.0,Block,0,0,0,1
659,tcas,u-VDTR,1,0,0.0,0.0,0.0,0.4,0.25,0.3636363636363637,1.0,Assignment,0,0,0,1
660,tcas,u-VDTR,1,0,0.0,0.0,0.0,0.4,0.25,0.3636363636363637,1.0,Assignment,0,1,0,0
661,tcas,u-VDTR,1,0,0.0,0.0,0.0,0.4,0.25,0.3636363636363637,1.0,Assignment,0,0,0,1
662,tcas,u-VDTR,1,0,0.0,0.0,0.0,0.4,0.25,0.3636363636363637,1.0,If,0,0,0,1
663,tcas,u-VDTR,1,0,0.0,0.0,0.0,0.4,0.25,0.3636363636363637,1.0,If,1,0,0,1
664,tcas,u-VDTR,1,0,0.0,0.0,0.0,0.4,0.25,0.3636363636363637,1.0,If,0,0,0,1
665,tcas,u-VDTR,0,1,0.25,0.125,0.1851851851851852,0.2,0.125,0.18181818181818185,0.2589703588143526,Assignment,0,0,1,0
666,tcas,u-VDTR,0,1,0.25,0.125,0.1851851851851852,0.2,0.125,0.18181818181818185,0.2589703588143526,Assignment,1,0,0,1
667,tcas,u-VDTR,0,1,0.25,0.125,0.1851851851851852,0.2,0.125,0.18181818181818185,0.2589703588143526,Assignment,1,0,0,1
668,tcas,u-VDTR,0,1,0.25,0.125,0.1851851851851852,0.2,0.125,0.18181818181818185,0.2589703588143526,Assignment,0,0,1,0
669,tcas,u-VDTR,0,1,0.25,0.125,0.1851851851851852,0.2,0.125,0.18181818181818185,0.2589703588143526,Assignment,0,1,1,1
670,tcas,u-VDTR,0,1,0.25,0.125,0.1851851851851852,0.2,0.125,0.18181818181818185,0.2589703588143526,Assignment,0,1,1,1
671,tcas,u-VDTR,0,1,0.25,0.125,0.1851851851851852,0.2,0.125,0.18181818181818185,0.0,Assignment,0,0,1,0
672,tcas,u-VDTR,0,1,0.25,0.125,0.1851851851851852,0.2,0.125,0.18181818181818185,0.0,Assignment,1,0,0,1
673,tcas,u-VDTR,0,1,0.25,0.125,0.1851851851851852,0.2,0.125,0.18181818181818185,0.0,Assignment,0,1,1,1
674,tcas,u-VDTR,0,0,0.5,0.25,0.3703703703703704,0.0,0.0,0.0,0.0062402496099844,Return,0,0,0,1
675,tcas,u-VDTR,0,0,0.5,0.25,0.3703703703703704,0.0,0.0,0.0,0.0062402496099844,Return,1,0,0,1
676,tcas,u-VDTR,0,0,0.5,0.25,0.3703703703703704,0.0,0.0,0.0,0.0062402496099844,Return,0,0,0,1
677,tcas,u-VGSR,1,0,0.0,0.0,0.0,0.4,0.25,0.3636363636363637,1.0,Assignment,0,0,0,1
678,tcas,u-VGSR,1,0,0.0,0.0,0.0,0.4,0.25,0.3636363636363637,1.0,Assignment,0,0,0,1
679,tcas,u-VGSR,1,0,0.0,0.0,0.0,0.4,0.25,0.3636363636363637,1.0,Assignment,0,0,0,1
680,tcas,u-VGSR,1,0,0.0,0.0,0.0,0.4,0.25,0.3636363636363637,1.0,Assignment,0,0,0,1
681,tcas,u-VGSR,1,0,0.0,0.0,0.0,0.4,0.25,0.3636363636363637,1.0,Assignment,0,0,0,1
682,tcas,u-VGSR,1,0,0.0,0.0,0.0,0.4,0.25,0.3636363636363637,1.0,Assignment,0,0,0,1
683,tcas,u-VGSR,1,0,0.0,0.0,0.0,0.4,0.25,0.3636363636363637,1.0,Assignment,0,0,0,1
684,tcas,u-VGSR,1,0,0.0,0.0,0.0,0.4,0.25,0.3636363636363637,1.0,Assignment,0,0,0,1
685,tcas,u-VGSR,1,0,0.0,0.0,0.0,0.4,0.25,0.3636363636363637,1.0,Assignment,0,0,0,1
686,tcas,u-VGSR,1,0,0.0,0.0,0.0,0.4,0.25,0.3636363636363637,1.0,Assignment,0,0,0,1
687,tcas,u-VGSR,1,0,0.0,0.0,0.0,0.4,0.25,0.3636363636363637,1.0,Assignment,0,0,0,1
688,tcas,u-VGSR,1,0,0.0,0.0,0.0,0.4,0.25,0.3636363636363637,1.0,Assignment,0,0,0,1
689,tcas,u-VGSR,1,0,0.0,0.0,0.0,0.4,0.25,0.3636363636363637,1.0,Assignment,0,0,0,1
690,tcas,u-VGSR,1,0,0.0,0.0,0.0,0.4,0.25,0.3636363636363637,1.0,Assignment,0,0,0,1
691,tcas,u-VGSR,1,0,0.0,0.0,0.0,0.4,0.25,0.3636363636363637,1.0,Assignment,0,0,0,1
692,tcas,u-VGSR,1,0,0.0,0.0,0.0,0.4,0.25,0.3636363636363637,1.0,Assignment,0,0,0,1
693,tcas,u-VGSR,1,0,0.0,0.0,0.0,0.4,0.25,0.3636363636363637,1.0,Assignment,0,0,0,1
694,tcas,u-VGSR,1,0,0.0,0.0,0.0,0.4,0.25,0.3636363636363637,1.0,Assignment,0,0,0,1
695,tcas,u-VGSR,1,0,0.0,0.0,0.0,0.4,0.25,0.3636363636363637,1.0,Assignment,0,0,0,1
696,tcas,u-VGSR,1,0,0.0,0.0,0.0,0.4,0.25,0.3636363636363637,1.0,Assignment,0,0,0,1
697,tcas,u-VGSR,1,0,0.0,0.0,0.0,0.4,0.25,0.3636363636363637,1.0,Assignment,0,0,0,1
698,tcas,u-VGSR,1,0,0.0,0.0,0.0,0.4,0.25,0.3636363636363637,1.0,Assignment,0,0,0,1
699,tcas,u-VGSR,1,0,0.0,0.0,0.0,0.4,0.25,0.3636363636363637,1.0,Assignment,0,0,0,1
700,tcas,u-VGSR,1,0,0.0,0.0,0.0,0.4,0.25,0.3636363636363637,1.0,If,0,0,0,1
701,tcas,u-VGSR,1,0,0.0,0.0,0.0,0.4,0.25,0.3636363636363637,1.0,If,0,0,0,1
702,tcas,u-VGSR,1,0,0.0,0.0,0.0,0.4,0.25,0.3636363636363637,1.0,If,0,0,0,1
703,tcas,u-VGSR,1,0,0.0,0.0,0.0,0.4,0.25,0.3636363636363637,1.0,If,0,0,0,1
704,tcas,u-VGSR,1,0,0.0,0.0,0.0,0.4,0.25,0.3636363636363637,1.0,If,0,0,0,1
705,tcas,u-VGSR,1,0,0.0,0.0,0.0,0.4,0.25,0.3636363636363637,1.0,If,0,0,0,1
706,tcas,u-VGSR,1,0,0.0,0.0,0.0,0.4,0.25,0.3636363636363637,1.0,If,0,0,0,1
707,tcas,u-VGSR,1,0,0.0,0.0,0.0,0.4,0.25,0.3636363636363637,1.0,If,0,0,0,1
708,tcas,u-VGSR,1,0,0.0,0.0,0.0,0.4,0.25,0.3636363636363637,1.0,If,0,0,0,1
709,tcas,u-VGSR,1,0,0.0,0.0,0.0,0.4,0.25,0.3636363636363637,1.0,If,0,0,0,1
710,tcas,u-VGSR,1,0,0.0,0.0,0.0,0.4,0.25,0.3636363636363637,1.0,If,0,0,0,1
711,tcas,u-VGSR,1,0,0.0,0.0,0.0,0.4,0.25,0.3636363636363637,1.0,If,0,0,0,1
712,tcas,u-VGSR,0,1,0.25,0.125,0.1851851851851852,0.2,0.125,0.18181818181818185,0.2589703588143526,Assignment,0,0,1,0
713,tcas,u-VGSR,0,1,0.25,0.125,0.1851851851851852,0.2,0.125,0.18181818181818185,0.2589703588143526,Assignment,0,0,1,0
714,tcas,u-VGSR,0,1,0.25,0.125,0.1851851851851852,0.2,0.125,0.18181818181818185,0.2589703588143526,Assignment,0,0,1,0
715,tcas,u-VGSR,0,1,0.25,0.125,0.1851851851851852,0.2,0.125,0.18181818181818185,0.2589703588143526,Assignment,0,0,1,0
716,tcas,u-VGSR,0,1,0.25,0.125,0.1851851851851852,0.2,0.125,0.18181818181818185,0.2589703588143526,Assignment,0,0,1,0
717,tcas,u-VGSR,0,1,0.25,0.125,0.1851851851851852,0.2,0.125,0.18181818181818185,0.2589703588143526,Assignment,0,0,1,0
718,tcas,u-VGSR,0,1,0.25,0.125,0.1851851851851852,0.2,0.125,0.18181818181818185,0.2589703588143526,Assignment,0,1,1,1
719,tcas,u-VGSR,0,1,0.25,0.125,0.1851851851851852,0.2,0.125,0.18181818181818185,0.2589703588143526,Assignment,0,0,1,0
720,tcas,u-VGSR,0,1,0.25,0.125,0.1851851851851852,0.2,0.125,0.18181818181818185,0.2589703588143526,Assignment,0,0,1,0
721,tcas,u-VGSR,0,1,0.25,0.125,0.1851851851851852,0.2,0.125,0.18181818181818185,0.2589703588143526,Assignment,0,0,1,0
722,tcas,u-VGSR,0,1,0.25,0.125,0.1851851851851852,0.2,0.125,0.18181818181818185,0.2589703588143526,Assignment,0,0,1,0
723,tcas,u-VGSR,0,1,0.25,0.125,0.1851851851851852,0.2,0.125,0.18181818181818185,0.2589703588143526,Assignment,0,0,1,0
724,tcas,u-VGSR,0,1,0.25,0.125,0.1851851851851852,0.2,0.125,0.18181818181818185,0.2589703588143526,Assignment,1,0,1,0
725,tcas,u-VGSR,0,1,0.25,0.125,0.1851851851851852,0.2,0.125,0.18181818181818185,0.2589703588143526,Assignment,1,0,1,0
726,tcas,u-VGSR,0,1,0.25,0.125,0.1851851851851852,0.2,0.125,0.18181818181818185,0.2589703588143526,Assignment,1,0,1,0
727,tcas,u-VGSR,0,1,0.25,0.125,0.1851851851851852,0.2,0.125,0.18181818181818185,0.2589703588143526,Assignment,1,0,1,0
728,tcas,u-VGSR,0,1,0.25,0.125,0.1851851851851852,0.2,0.125,0.18181818181818185,0.2589703588143526,Assignment,1,0,1,0
729,tcas,u-VGSR,0,1,0.25,0.125,0.1851851851851852,0.2,0.125,0.18181818181818185,0.2589703588143526,Assignment,1,0,1,0
730,tcas,u-VGSR,0,1,0.25,0.125,0.1851851851851852,0.2,0.125,0.18181818181818185,0.2589703588143526,Assignment,1,0,1,0
731,tcas,u-VGSR,0,1,0.25,0.125,0.1851851851851852,0.2,0.125,0.18181818181818185,0.2589703588143526,Assignment,1,0,1,0
732,tcas,u-VGSR,0,1,0.25,0.125,0.1851851851851852,0.2,0.125,0.18181818181818185,0.2589703588143526,Assignment,1,0,1,0
733,tcas,u-VGSR,0,1,0.25,0.125,0.1851851851851852,0.2,0.125,0.18181818181818185,0.2589703588143526,Assignment,1,0,1,0
734,tcas,u-VGSR,0,1,0.25,0.125,0.1851851851851852,0.2,0.125,0.18181818181818185,0.2589703588143526,Assignment,1,0,1,0
735,tcas,u-VGSR,0,1,0.25,0.125,0.1851851851851852,0.2,0.125,0.18181818181818185,0.2589703588143526,Assignment,1,0,1,0
736,tcas,u-VGSR,0,1,0.25,0.125,0.1851851851851852,0.2,0.125,0.18181818181818185,0.2589703588143526,Assignment,1,0,1,0
737,tcas,u-VGSR,0,1,0.25,0.125,0.1851851851851852,0.2,0.125,0.18181818181818185,0.2589703588143526,Assignment,1,0,1,0
738,tcas,u-VGSR,0,1,0.25,0.125,0.1851851851851852,0.2,0.125,0.18181818181818185,0.2589703588143526,Assignment,1,0,1,0
739,tcas,u-VGSR,0,1,0.25,0.125,0.1851851851851852,0.2,0.125,0.18181818181818185,0.2589703588143526,Assignment,1,0,1,0
740,tcas,u-VGSR,0,1,0.25,0.125,0.1851851851851852,0.2,0.125,0.18181818181818185,0.2589703588143526,Assignment,1,0,1,0
741,tcas,u-VGSR,0,1,0.25,0.125,0.1851851851851852,0.2,0.125,0.18181818181818185,0.2589703588143526,Assignment,1,0,1,0
742,tcas,u-VGSR,0,1,0.25,0.125,0.1851851851851852,0.2,0.125,0.18181818181818185,0.2589703588143526,Assignment,1,0,1,0
743,tcas,u-VGSR,0,1,0.25,0.125,0.1851851851851852,0.2,0.125,0.18181818181818185,0.2589703588143526,Assignment,1,0,1,0
744,tcas,u-VGSR,0,1,0.25,0.125,0.1851851851851852,0.2,0.125,0.18181818181818185,0.2589703588143526,Assignment,1,0,1,0
745,tcas,u-VGSR,0,1,0.25,0.125,0.1851851851851852,0.2,0.125,0.18181818181818185,0.2589703588143526,Assignment,1,0,1,0
746,tcas,u-VGSR,0,1,0.25,0.125,0.1851851851851852,0.2,0.125,0.18181818181818185,0.0,Assignment,0,0,1,0
747,tcas,u-VGSR,0,1,0.25,0.125,0.1851851851851852,0.2,0.125,0.18181818181818185,0.0,Assignment,0,0,1,0
748,tcas,u-VGSR,0,1,0.25,0.125,0.1851851851851852,0.2,0.125,0.18181818181818185,0.0,Assignment,0,0,1,0
749,tcas,u-VGSR,0,1,0.25,0.125,0.1851851851851852,0.2,0.125,0.18181818181818185,0.0,Assignment,0,0,1,0
750,tcas,u-VGSR,0,1,0.25,0.125,0.1851851851851852,0.2,0.125,0.18181818181818185,0.0,Assignment,0,0,1,0
751,tcas,u-VGSR,0,1,0.25,0.125,0.1851851851851852,0.2,0.125,0.18181818181818185,0.0,Assignment,0,0,1,0
752,tcas,u-VGSR,0,1,0.25,0.125,0.1851851851851852,0.2,0.125,0.18181818181818185,0.0,Assignment,0,0,1,0
753,tcas,u-VGSR,0,1,0.25,0.125,0.1851851851851852,0.2,0.125,0.18181818181818185,0.0,Assignment,0,0,1,0
754,tcas,u-VGSR,0,1,0.25,0.125,0.1851851851851852,0.2,0.125,0.18181818181818185,0.0,Assignment,0,0,1,0
755,tcas,u-VGSR,0,1,0.25,0.125,0.1851851851851852,0.2,0.125,0.18181818181818185,0.0,Assignment,0,0,1,0
756,tcas,u-VGSR,0,1,0.25,0.125,0.1851851851851852,0.2,0.125,0.18181818181818185,0.0,Assignment,0,0,1,0
757,tcas,u-VGSR,0,1,0.25,0.125,0.1851851851851852,0.2,0.125,0.18181818181818185,0.0,Assignment,0,0,1,0
758,tcas,u-VGSR,0,1,0.25,0.125,0.1851851851851852,0.2,0.125,0.18181818181818185,0.0,Assignment,0,0,1,0
759,tcas,u-VGSR,0,1,0.25,0.125,0.1851851851851852,0.2,0.125,0.18181818181818185,0.0,Assignment,0,0,1,0
760,tcas,u-VGSR,0,1,0.25,0.125,0.1851851851851852,0.2,0.125,0.18181818181818185,0.0,Assignment,0,0,1,0
761,tcas,u-VGSR,0,1,0.25,0.125,0.1851851851851852,0.2,0.125,0.18181818181818185,0.0,Assignment,0,0,1,0
762,tcas,u-VGSR,0,1,0.25,0.125,0.1851851851851852,0.2,0.125,0.18181818181818185,0.0,Assignment,0,0,1,0
763,tcas,u-VGSR,0,1,0.25,0.125,0.1851851851851852,0.2,0.125,0.18181818181818185,0.0,Assignment,0,0,1,0
764,tcas,u-VGSR,0,1,0.25,0.125,0.1851851851851852,0.2,0.125,0.18181818181818185,0.0,Assignment,0,0,1,0
765,tcas,u-VGSR,0,1,0.25,0.125,0.1851851851851852,0.2,0.125,0.18181818181818185,0.0,Assignment,0,0,1,0
766,tcas,u-VGSR,0,1,0.25,0.125,0.1851851851851852,0.2,0.125,0.18181818181818185,0.0,Assignment,0,0,1,0
767,tcas,u-VGSR,0,1,0.25,0.125,0.1851851851851852,0.2,0.125,0.18181818181818185,0.0,Assignment,0,0,1,0
768,tcas,u-VGSR,0,1,0.25,0.125,0.1851851851851852,0.2,0.125,0.18181818181818185,0.0,Assignment,0,0,1,0
769,tcas,u-VGSR,0,0,0.5,0.25,0.3703703703703704,0.0,0.0,0.0,0.0062402496099844,Return,0,0,0,1
770,tcas,u-VGSR,0,0,0.5,0.25,0.3703703703703704,0.0,0.0,0.0,0.0062402496099844,Return,0,0,0,1
771,tcas,u-VGSR,0,0,0.5,0.25,0.3703703703703704,0.0,0.0,0.0,0.0062402496099844,Return,0,0,0,1
772,tcas,u-VGSR,0,0,0.5,0.25,0.3703703703703704,0.0,0.0,0.0,0.0062402496099844,Return,0,0,0,1
773,tcas,u-VGSR,0,0,0.5,0.25,0.3703703703703704,0.0,0.0,0.0,0.0062402496099844,Return,0,0,0,1
774,tcas,u-VGSR,0,0,0.5,0.25,0.3703703703703704,0.0,0.0,0.0,0.0062402496099844,Return,0,0,0,1
775,tcas,u-VGSR,0,0,0.5,0.25,0.3703703703703704,0.0,0.0,0.0,0.0062402496099844,Return,0,0,0,1
776,tcas,u-VGSR,0,0,0.5,0.25,0.3703703703703704,0.0,0.0,0.0,0.0062402496099844,Return,0,0,0,1
777,tcas,u-VGSR,0,0,0.5,0.25,0.3703703703703704,0.0,0.0,0.0,0.0062402496099844,Return,0,0,0,1
778,tcas,u-VGSR,0,0,0.5,0.25,0.3703703703703704,0.0,0.0,0.0,0.0062402496099844,Return,0,0,0,1
779,tcas,u-VGSR,0,0,0.5,0.25,0.3703703703703704,0.0,0.0,0.0,0.0062402496099844,Return,0,0,0,1
780,tcas,u-VGSR,0,0,0.5,0.25,0.3703703703703704,0.0,0.0,0.0,0.0062402496099844,Return,0,0,0,1
781,tcas,u-VLSR,1,0,0.0,0.0,0.0,0.4,0.25,0.3636363636363637,1.0,Assignment,0,0,0,1
782,tcas,u-VLSR,1,0,0.0,0.0,0.0,0.4,0.25,0.3636363636363637,1.0,Assignment,0,0,0,1
783,tcas,u-VLSR,1,0,0.0,0.0,0.0,0.4,0.25,0.3636363636363637,1.0,Assignment,0,0,0,1
784,tcas,u-VLSR,1,0,0.0,0.0,0.0,0.4,0.25,0.3636363636363637,1.0,Assignment,0,0,0,1
785,tcas,u-VLSR,1,0,0.0,0.0,0.0,0.4,0.25,0.3636363636363637,1.0,Assignment,0,0,0,1
786,tcas,u-VLSR,1,0,0.0,0.0,0.0,0.4,0.25,0.3636363636363637,1.0,If,0,0,0,1
787,tcas,u-VLSR,1,0,0.0,0.0,0.0,0.4,0.25,0.3636363636363637,1.0,If,0,0,0,1
788,tcas,u-VLSR,0,1,0.25,0.125,0.1851851851851852,0.2,0.125,0.18181818181818185,0.2589703588143526,Assignment,0,0,1,0
789,tcas,u-VLSR,0,1,0.25,0.125,0.1851851851851852,0.2,0.125,0.18181818181818185,0.2589703588143526,Assignment,1,0,1,0
790,tcas,u-VLSR,0,1,0.25,0.125,0.1851851851851852,0.2,0.125,0.18181818181818185,0.2589703588143526,Assignment,1,0,1,0
791,tcas,u-VLSR,0,1,0.25,0.125,0.1851851851851852,0.2,0.125,0.18181818181818185,0.2589703588143526,Assignment,1,0,1,0
792,tcas,u-VLSR,0,1,0.25,0.125,0.1851851851851852,0.2,0.125,0.18181818181818185,0.2589703588143526,Assignment,1,0,1,0
793,tcas,u-VLSR,0,1,0.25,0.125,0.1851851851851852,0.2,0.125,0.18181818181818185,0.2589703588143526,Assignment,1,0,1,0
794,tcas,u-VLSR,0,1,0.25,0.125,0.1851851851851852,0.2,0.125,0.18181818181818185,0.2589703588143526,Assignment,1,0,1,0
795,tcas,u-VLSR,0,1,0.25,0.125,0.1851851851851852,0.2,0.125,0.18181818181818185,0.2589703588143526,Assignment,1,0,1,0
796,tcas,u-VLSR,0,1,0.25,0.125,0.1851851851851852,0.2,0.125,0.18181818181818185,0.0,Assignment,0,0,1,0
797,tcas,u-VLSR,0,1,0.25,0.125,0.1851851851851852,0.2,0.125,0.18181818181818185,0.0,Assignment,0,0,1,0
798,tcas,u-VLSR,0,1,0.25,0.125,0.1851851851851852,0.2,0.125,0.18181818181818185,0.0,Assignment,0,0,1,0
799,tcas,u-VLSR,0,1,0.25,0.125,0.1851851851851852,0.2,0.125,0.18181818181818185,0.0,Assignment,0,0,1,0
800,tcas,u-VLSR,0,1,0.25,0.125,0.1851851851851852,0.2,0.125,0.18181818181818185,0.0,Assignment,0,1,1,1
801,tcas,u-VLSR,0,0,0.5,0.25,0.3703703703703704,0.0,0.0,0.0,0.0062402496099844,Return,0,0,1,0
802,tcas,u-VLSR,0,0,0.5,0.25,0.3703703703703704,0.0,0.0,0.0,0.0062402496099844,Return,0,0,1,0
803,tcas,u-VTWD,1,0,0.0,0.0,0.0,0.4,0.25,0.3636363636363637,1.0,Assignment,0,1,0,0
804,tcas,u-VTWD,1,0,0.0,0.0,0.0,0.4,0.25,0.3636363636363637,1.0,Assignment,0,1,0,0
805,tcas,u-VTWD,1,0,0.0,0.0,0.0,0.4,0.25,0.3636363636363637,1.0,If,0,0,0,1
806,tcas,u-VTWD,1,0,0.0,0.0,0.0,0.4,0.25,0.3636363636363637,1.0,If,0,0,0,1
807,tcas,u-VTWD,0,1,0.25,0.125,0.1851851851851852,0.2,0.125,0.18181818181818185,0.2589703588143526,Assignment,1,0,1,0
808,tcas,u-VTWD,0,1,0.25,0.125,0.1851851851851852,0.2,0.125,0.18181818181818185,0.2589703588143526,Assignment,1,0,1,0
809,tcas,u-VTWD,0,1,0.25,0.125,0.1851851851851852,0.2,0.125,0.18181818181818185,0.2589703588143526,Assignment,1,0,1,0
810,tcas,u-VTWD,0,1,0.25,0.125,0.1851851851851852,0.2,0.125,0.18181818181818185,0.2589703588143526,Assignment,1,0,1,0
811,tcas,u-VTWD,0,1,0.25,0.125,0.1851851851851852,0.2,0.125,0.18181818181818185,0.0,Assignment,0,1,1,1
812,tcas,u-VTWD,0,1,0.25,0.125,0.1851851851851852,0.2,0.125,0.18181818181818185,0.0,Assignment,0,1,1,1
813,tcas,u-VTWD,0,0,0.5,0.25,0.3703703703703704,0.0,0.0,0.0,0.0062402496099844,Return,0,0,0,1
814,tcas,u-VTWD,0,0,0.5,0.25,0.3703703703703704,0.0,0.0,0.0,0.0062402496099844,Return,0,0,0,1
815,tcas,u-VVDL,1,0,0.0,0.0,0.0,0.4,0.25,0.3636363636363637,1.0,Assignment,0,0,0,1
816,tcas,u-VVDL,0,1,0.25,0.125,0.1851851851851852,0.2,0.125,0.18181818181818185,0.2589703588143526,Assignment,1,0,1,0
817,tcas,u-VVDL,0,1,0.25,0.125,0.1851851851851852,0.2,0.125,0.18181818181818185,0.2589703588143526,Assignment,1,0,1,0
818,tcas,u-VVDL,0,1,0.25,0.125,0.1851851851851852,0.2,0.125,0.18181818181818185,0.0,Assignment,0,0,1,0
819,tcas,u-Cccr,1,1,0.0,0.0,0.0,0.2,1.0,0.981818181818182,1.0,Assignment,0,0,0,1
820,tcas,u-Cccr,1,1,0.0,0.0,0.0,0.2,1.0,0.981818181818182,1.0,Assignment,0,0,0,1
821,tcas,u-Cccr,1,1,0.0,0.0,0.0,0.2,1.0,0.981818181818182,1.0,Assignment,0,0,0,1
822,tcas,u-Cccr,1,1,0.0,0.0,0.0,0.2,1.0,0.981818181818182,1.0,Assignment,0,0,0,1
823,tcas,u-Cccr,1,1,0.0,0.0,0.0,0.2,1.0,0.981818181818182,1.0,Assignment,0,0,0,1
824,tcas,u-Cccr,1,1,0.0,0.0,0.0,0.2,1.0,0.981818181818182,1.0,Assignment,0,0,0,1
825,tcas,u-Cccr,1,1,0.0,0.0,0.0,0.2,1.0,0.981818181818182,1.0,Assignment,0,0,0,1
826,tcas,u-Cccr,1,1,0.0,0.0,0.0,0.2,1.0,0.981818181818182,1.0,Assignment,0,0,0,1
827,tcas,u-Cccr,1,1,0.0,0.0,0.0,0.2,1.0,0.981818181818182,1.0,Assignment,0,0,0,1
828,tcas,u-Cccr,1,1,0.0,0.0,0.0,0.2,1.0,0.981818181818182,1.0,Assignment,0,0,0,1
829,tcas,u-Cccr,1,1,0.0,0.0,0.0,0.2,1.0,0.981818181818182,1.0,Assignment,0,0,0,1
830,tcas,u-Cccr,1,1,0.0,0.0,0.0,0.2,1.0,0.981818181818182,1.0,Assignment,0,0,0,1
831,tcas,u-Cccr,1,1,0.0,0.0,0.0,0.2,1.0,0.981818181818182,1.0,Assignment,0,0,0,1
832,tcas,u-Cccr,1,1,0.0,0.0,0.0,0.2,1.0,0.981818181818182,1.0,Assignment,0,0,0,1
833,tcas,u-Cccr,1,1,0.0,0.0,0.0,0.2,1.0,0.981818181818182,1.0,Assignment,0,0,0,1
834,tcas,u-Cccr,0,1,0.5,0.25,0.3703703703703704,0.4,0.25,0.3636363636363637,0.0,Assignment,1,0,1,0
835,tcas,u-Cccr,0,1,0.5,0.25,0.3703703703703704,0.4,0.25,0.3636363636363637,0.0,Assignment,1,0,1,0
836,tcas,u-Cccr,0,1,0.5,0.25,0.3703703703703704,0.4,0.25,0.3636363636363637,0.0,Assignment,1,0,1,0
837,tcas,u-Cccr,0,1,0.75,0.375,0.5555555555555555,0.6,0.375,0.5454545454545454,0.0,Assignment,0,0,1,0
838,tcas,u-Cccr,0,1,0.75,0.375,0.5555555555555555,0.6,0.375,0.5454545454545454,0.0,Assignment,0,0,1,0
839,tcas,u-Cccr,0,1,0.75,0.375,0.5555555555555555,0.6,0.375,0.5454545454545454,0.0,Assignment,0,0,1,0
840,tcas,u-Cccr,0,1,1.0,0.5,0.7407407407407407,0.8,0.5,0.7272727272727273,0.0,Assignment,0,0,1,0
841,tcas,u-Cccr,0,1,1.0,0.5,0.7407407407407407,0.8,0.5,0.7272727272727273,0.0,Assignment,0,0,1,0
842,tcas,u-Cccr,0,1,1.0,0.5,0.7407407407407407,0.8,0.5,0.7272727272727273,0.0,Assignment,0,0,1,0
843,tcas,u-Cccr,0,1,1.0,0.5,0.7407407407407407,0.8,0.5,0.7272727272727273,0.0,Assignment,0,0,1,0
844,tcas,u-Cccr,0,1,1.0,0.5,0.7407407407407407,0.8,0.5,0.7272727272727273,0.0,Assignment,0,0,1,0
845,tcas,u-Cccr,0,1,1.0,0.5,0.7407407407407407,0.8,0.5,0.7272727272727273,0.0,Assignment,0,0,1,0
846,tcas,u-CCDL,1,1,0.0,0.0,0.0,0.2,1.0,0.981818181818182,1.0,Assignment,0,0,0,1
847,tcas,u-CCDL,1,1,0.0,0.0,0.0,0.2,1.0,0.981818181818182,1.0,Assignment,0,0,0,1
848,tcas,u-CCDL,1,1,0.0,0.0,0.0,0.2,1.0,0.981818181818182,1.0,Assignment,0,0,0,1
849,tcas,u-CCDL,1,1,0.0,0.0,0.0,0.2,1.0,0.981818181818182,1.0,Assignment,0,0,0,1
850,tcas,u-Ccsr,1,1,0.0,0.0,0.0,0.2,1.0,0.981818181818182,1.0,Assignment,0,1,0,0
851,tcas,u-Ccsr,1,1,0.0,0.0,0.0,0.2,1.0,0.981818181818182,1.0,Assignment,0,1,0,0
852,tcas,u-Ccsr,1,1,0.0,0.0,0.0,0.2,1.0,0.981818181818182,1.0,Assignment,0,0,0,1
853,tcas,u-Ccsr,1,1,0.0,0.0,0.0,0.2,1.0,0.981818181818182,1.0,Assignment,0,1,0,0
854,tcas,u-Ccsr,1,1,0.0,0.0,0.0,0.2,1.0,0.981818181818182,1.0,Assignment,0,0,0,1
855,tcas,u-Ccsr,1,1,0.0,0.0,0.0,0.2,1.0,0.981818181818182,1.0,Assignment,0,0,0,1
856,tcas,u-Ccsr,1,1,0.0,0.0,0.0,0.2,1.0,0.981818181818182,1.0,Assignment,0,0,0,1
857,tcas,u-Ccsr,1,1,0.0,0.0,0.0,0.2,1.0,0.981818181818182,1.0,Assignment,0,0,0,1
858,tcas,u-Ccsr,1,1,0.0,0.0,0.0,0.2,1.0,0.981818181818182,1.0,Assignment,0,0,0,1
859,tcas,u-Ccsr,1,1,0.0,0.0,0.0,0.2,1.0,0.981818181818182,1.0,Assignment,0,0,0,1
860,tcas,u-Ccsr,1,1,0.0,0.0,0.0,0.2,1.0,0.981818181818182,1.0,Assignment,0,0,0,1
861,tcas,u-Ccsr,1,1,0.0,0.0,0.0,0.2,1.0,0.981818181818182,1.0,Assignment,0,0,0,1
862,tcas,u-Ccsr,1,1,0.0,0.0,0.0,0.2,1.0,0.981818181818182,1.0,Assignment,0,0,0,1
863,tcas,u-Ccsr,1,1,0.0,0.0,0.0,0.2,1.0,0.981818181818182,1.0,Assignment,0,0,0,1
864,tcas,u-Ccsr,1,1,0.0,0.0,0.0,0.2,1.0,0.981818181818182,1.0,Assignment,0,0,0,1
865,tcas,u-Ccsr,1,1,0.0,0.0,0.0,0.2,1.0,0.981818181818182,1.0,Assignment,0,0,0,1
866,tcas,u-Ccsr,1,1,0.0,0.0,0.0,0.2,1.0,0.981818181818182,1.0,Assignment,0,0,0,1
867,tcas,u-Ccsr,1,1,0.0,0.0,0.0,0.2,1.0,0.981818181818182,1.0,Assignment,0,0,0,1
868,tcas,u-Ccsr,1,1,0.0,0.0,0.0,0.2,1.0,0.981818181818182,1.0,Assignment,0,0,0,1
869,tcas,u-Ccsr,1,1,0.0,0.0,0.0,0.2,1.0,0.981818181818182,1.0,Assignment,0,0,0,1
870,tcas,u-Ccsr,1,1,0.0,0.0,0.0,0.2,1.0,0.981818181818182,1.0,Assignment,0,0,0,1
871,tcas,u-Ccsr,1,1,0.0,0.0,0.0,0.2,1.0,0.981818181818182,1.0,Assignment,0,0,0,1
872,tcas,u-Ccsr,1,1,0.0,0.0,0.0,0.2,1.0,0.981818181818182,1.0,Assignment,0,0,0,1
873,tcas,u-Ccsr,1,1,0.0,0.0,0.0,0.2,1.0,0.981818181818182,1.0,Assignment,0,0,0,1
874,tcas,u-Ccsr,1,1,0.0,0.0,0.0,0.2,1.0,0.981818181818182,1.0,If,0,0,1,0
875,tcas,u-Ccsr,1,1,0.0,0.0,0.0,0.2,1.0,0.981818181818182,1.0,If,0,0,1,0
876,tcas,u-Ccsr,1,1,0.0,0.0,0.0,0.2,1.0,0.981818181818182,1.0,If,0,0,1,0
877,tcas,u-Ccsr,1,1,0.0,0.0,0.0,0.2,1.0,0.981818181818182,1.0,If,0,0,1,0
878,tcas,u-Ccsr,1,1,0.0,0.0,0.0,0.2,1.0,0.981818181818182,1.0,If,1,0,1,0
879,tcas,u-Ccsr,1,1,0.0,0.0,0.0,0.2,1.0,0.981818181818182,1.0,If,1,0,1,0
880,tcas,u-Ccsr,1,1,0.0,0.0,0.0,0.2,1.0,0.981818181818182,1.0,If,0,0,1,0
881,tcas,u-Ccsr,1,1,0.0,0.0,0.0,0.2,1.0,0.981818181818182,1.0,If,1,0,1,0
882,tcas,u-Ccsr,1,1,0.0,0.0,0.0,0.2,1.0,0.981818181818182,1.0,If,0,0,1,0
883,tcas,u-Ccsr,1,1,0.0,0.0,0.0,0.2,1.0,0.981818181818182,1.0,If,0,0,1,0
884,tcas,u-Ccsr,1,1,0.0,0.0,0.0,0.2,1.0,0.981818181818182,1.0,If,0,0,1,0
885,tcas,u-Ccsr,1,1,0.0,0.0,0.0,0.2,1.0,0.981818181818182,1.0,If,0,0,1,0
886,tcas,u-Ccsr,1,1,0.0,0.0,0.0,0.2,1.0,0.981818181818182,1.0,If,0,0,1,0
887,tcas,u-Ccsr,1,1,0.0,0.0,0.0,0.2,1.0,0.981818181818182,1.0,If,0,0,1,0
888,tcas,u-Ccsr,1,1,0.0,0.0,0.0,0.2,1.0,0.981818181818182,1.0,If,0,0,1,0
889,tcas,u-Ccsr,1,1,0.0,0.0,0.0,0.2,1.0,0.981818181818182,1.0,If,0,0,1,0
890,tcas,u-Ccsr,1,1,0.25,0.125,0.1851851851851852,0.6,0.875,1.0,0.2589703588143526,If,0,0,1,0
891,tcas,u-Ccsr,1,1,0.25,0.125,0.1851851851851852,0.6,0.875,1.0,0.2589703588143526,If,0,0,1,0
892,tcas,u-Ccsr,1,1,0.25,0.125,0.1851851851851852,0.6,0.875,1.0,0.2589703588143526,If,1,0,1,0
893,tcas,u-Ccsr,1,1,0.25,0.125,0.1851851851851852,0.6,0.875,1.0,0.2589703588143526,If,0,0,1,0
894,tcas,u-Ccsr,1,1,0.25,0.125,0.1851851851851852,0.6,0.875,1.0,0.2589703588143526,If,0,0,1,0
895,tcas,u-Ccsr,1,1,0.25,0.125,0.1851851851851852,0.6,0.875,1.0,0.2589703588143526,If,0,0,1,0
896,tcas,u-Ccsr,1,1,0.25,0.125,0.1851851851851852,0.6,0.875,1.0,0.2589703588143526,If,1,0,1,0
897,tcas,u-Ccsr,1,1,0.25,0.125,0.1851851851851852,0.6,0.875,1.0,0.2589703588143526,If,0,0,1,0
898,tcas,u-Ccsr,1,0,0.5,0.25,0.3703703703703704,0.8,0.75,0.9696969696969696,0.0062402496099844,If,0,0,0,1
899,tcas,u-Ccsr,1,0,0.5,0.25,0.3703703703703704,0.8,0.75,0.9696969696969696,0.0062402496099844,If,0,0,0,1
900,tcas,u-Ccsr,1,0,0.5,0.25,0.3703703703703704,0.8,0.75,0.9696969696969696,0.0062402496099844,If,0,0,0,1
901,tcas,u-Ccsr,1,0,0.5,0.25,0.3703703703703704,0.8,0.75,0.9696969696969696,0.0062402496099844,If,0,0,0,1
902,tcas,u-Ccsr,1,0,0.75,0.375,0.5555555555555555,1.0,0.625,0.9090909090909092,0.0062402496099844,If,0,0,0,1
903,tcas,u-Ccsr,1,0,0.75,0.375,0.5555555555555555,1.0,0.625,0.9090909090909092,0.0062402496099844,If,0,0,0,1
904,tcas,u-Ccsr,1,0,0.75,0.375,0.5555555555555555,1.0,0.625,0.9090909090909092,0.0062402496099844,If,0,0,0,1
905,tcas,u-Ccsr,1,0,0.75,0.375,0.5555555555555555,1.0,0.625,0.9090909090909092,0.0062402496099844,If,0,0,0,1
906,tcas,u-Ccsr,0,1,0.25,1.0,1.0,0.0,0.0,0.0,0.0,Return,0,0,0,1
907,tcas,u-Ccsr,0,1,0.25,1.0,1.0,0.0,0.0,0.0,0.0,Return,0,0,0,1
908,tcas,u-Ccsr,0,1,0.25,1.0,1.0,0.0,0.0,0.0,0.0,Return,0,0,0,1
909,tcas,u-Ccsr,0,1,0.25,1.0,1.0,0.0,0.0,0.0,0.0,Return,0,0,0,1
910,tcas,u-CRCR,1,1,0.0,0.0,0.0,0.2,1.0,0.981818181818182,1.0,Assignment,0,0,0,1
911,tcas,u-CRCR,1,1,0.0,0.0,0.0,0.2,1.0,0.981818181818182,1.0,Assignment,0,1,0,0
912,tcas,u-CRCR,1,1,0.0,0.0,0.0,0.2,1.0,0.981818181818182,1.0,Assignment,0,1,0,0
913,tcas,u-CRCR,1,1,0.0,0.0,0.0,0.2,1.0,0.981818181818182,1.0,Assignment,0,1,0,0
914,tcas,u-CRCR,1,1,0.0,0.0,0.0,0.2,1.0,0.981818181818182,1.0,Assignment,0,1,0,0
915,tcas,u-CRCR,1,1,0.0,0.0,0.0,0.2,1.0,0.981818181818182,1.0,Assignment,0,0,0,1
916,tcas,u-CRCR,1,1,0.0,0.0,0.0,0.2,1.0,0.981818181818182,1.0,Assignment,0,0,0,1
917,tcas,u-CRCR,1,1,0.0,0.0,0.0,0.2,1.0,0.981818181818182,1.0,Assignment,0,0,0,1
918,tcas,u-CRCR,1,1,0.0,0.0,0.0,0.2,1.0,0.981818181818182,1.0,Assignment,0,0,0,1
919,tcas,u-CRCR,1,1,0.0,0.0,0.0,0.2,1.0,0.981818181818182,1.0,Assignment,0,0,0,1
920,tcas,u-CRCR,1,1,0.0,0.0,0.0,0.2,1.0,0.981818181818182,1.0,Assignment,0,0,0,1
921,tcas,u-CRCR,1,1,0.0,0.0,0.0,0.2,1.0,0.981818181818182,1.0,Assignment,0,0,0,1
922,tcas,u-CRCR,1,1,0.0,0.0,0.0,0.2,1.0,0.981818181818182,1.0,Assignment,0,0,0,1
923,tcas,u-CRCR,1,1,0.0,0.0,0.0,0.2,1.0,0.981818181818182,1.0,Assignment,0,0,0,1
924,tcas,u-CRCR,1,1,0.0,0.0,0.0,0.2,1.0,0.981818181818182,1.0,Assignment,0,0,0,1
925,tcas,u-CRCR,1,1,0.0,0.0,0.0,0.2,1.0,0.981818181818182,1.0,Assignment,0,0,0,1
926,tcas,u-CRCR,1,1,0.0,0.0,0.0,0.2,1.0,0.981818181818182,1.0,Assignment,0,0,0,1
927,tcas,u-CRCR,1,1,0.0,0.0,0.0,0.2,1.0,0.981818181818182,1.0,Assignment,0,0,0,1
928,tcas,u-CRCR,1,1,0.0,0.0,0.0,0.2,1.0,0.981818181818182,1.0,Assignment,0,0,0,1
929,tcas,u-CRCR,1,1,0.0,0.0,0.0,0.2,1.0,0.981818181818182,1.0,Assignment,0,0,0,1
930,tcas,u-CRCR,1,1,0.0,0.0,0.0,0.2,1.0,0.981818181818182,1.0,Assignment,0,0,0,1
931,tcas,u-CRCR,1,1,0.0,0.0,0.0,0.2,1.0,0.981818181818182,1.0,Assignment,0,0,0,1
932,tcas,u-CRCR,1,1,0.0,0.0,0.0,0.2,1.0,0.981818181818182,1.0,Assignment,0,0,0,1
933,tcas,u-CRCR,1,1,0.0,0.0,0.0,0.2,1.0,0.981818181818182,1.0,Assignment,0,0,0,1
934,tcas,u-CRCR,1,1,0.0,0.0,0.0,0.2,1.0,0.981818181818182,1.0,Assignment,0,0,0,1
935,tcas,u-CRCR,1,1,0.0,0.0,0.0,0.2,1.0,0.981818181818182,1.0,Assignment,0,0,0,1
936,tcas,u-CRCR,1,1,0.0,0.0,0.0,0.2,1.0,0.981818181818182,1.0,Assignment,0,0,0,1
937,tcas,u-CRCR,1,1,0.0,0.0,0.0,0.2,1.0,0.981818181818182,1.0,Assignment,0,0,0,1
938,tcas,u-CRCR,1,1,0.0,0.0,0.0,0.2,1.0,0.981818181818182,1.0,Assignment,0,0,0,1
939,tcas,u-CRCR,1,1,0.0,0.0,0.0,0.2,1.0,0.981818181818182,1.0,Assignment,0,0,0,1
940,tcas,u-CRCR,1,1,0.0,0.0,0.0,0.2,1.0,0.981818181818182,1.0,If,0,0,0,1
941,tcas,u-CRCR,1,1,0.0,0.0,0.0,0.2,1.0,0.981818181818182,1.0,If,0,0,0,1
942,tcas,u-CRCR,1,1,0.0,0.0,0.0,0.2,1.0,0.981818181818182,1.0,If,0,0,0,1
943,tcas,u-CRCR,1,1,0.0,0.0,0.0,0.2,1.0,0.981818181818182,1.0,If,0,0,0,1
944,tcas,u-CRCR,1,1,0.0,0.0,0.0,0.2,1.0,0.981818181818182,1.0,If,0,0,0,1
945,tcas,u-CRCR,1,1,0.0,0.0,0.0,0.2,1.0,0.981818181818182,1.0,If,0,0,0,1
946,tcas,u-CRCR,1,1,0.0,0.0,0.0,0.2,1.0,0.981818181818182,1.0,If,1,0,0,1
947,tcas,u-CRCR,1,1,0.0,0.0,0.0,0.2,1.0,0.981818181818182,1.0,If,1,0,0,1
948,tcas,u-CRCR,1,1,0.0,0.0,0.0,0.2,1.0,0.981818181818182,1.0,If,1,0,0,1
949,tcas,u-CRCR,1,1,0.0,0.0,0.0,0.2,1.0,0.981818181818182,1.0,If,1,0,0,1
950,tcas,u-CRCR,1,1,0.0,0.0,0.0,0.2,1.0,0.981818181818182,1.0,If,0,0,0,1
951,tcas,u-CRCR,1,1,0.0,0.0,0.0,0.2,1.0,0.981818181818182,1.0,If,0,0,0,1
952,tcas,u-CRCR,1,1,0.0,0.0,0.0,0.2,1.0,0.981818181818182,1.0,If,0,0,0,1
953,tcas,u-CRCR,1,1,0.0,0.0,0.0,0.2,1.0,0.981818181818182,1.0,If,0,0,0,1
954,tcas,u-CRCR,1,1,0.0,0.0,0.0,0.2,1.0,0.981818181818182,1.0,If,0,0,0,1
955,tcas,u-CRCR,1,1,0.0,0.0,0.0,0.2,1.0,0.981818181818182,1.0,If,0,0,0,1
956,tcas,u-CRCR,1,1,0.0,0.0,0.0,0.2,1.0,0.981818181818182,1.0,If,0,0,0,1
957,tcas,u-CRCR,1,1,0.0,0.0,0.0,0.2,1.0,0.981818181818182,1.0,If,0,0,0,1
958,tcas,u-CRCR,1,1,0.0,0.0,0.0,0.2,1.0,0.981818181818182,1.0,If,0,0,0,1
959,tcas,u-CRCR,1,1,0.0,0.0,0.0,0.2,1.0,0.981818181818182,1.0,If,0,0,0,1
960,tcas,u-CRCR,1,1,0.25,0.125,0.1851851851851852,0.6,0.875,1.0,0.2589703588143526,If,1,0,1,0
961,tcas,u-CRCR,1,1,0.25,0.125,0.1851851851851852,0.6,0.875,1.0,0.2589703588143526,If,0,0,1,0
962,tcas,u-CRCR,1,1,0.25,0.125,0.1851851851851852,0.6,0.875,1.0,0.2589703588143526,If,0,0,1,0
963,tcas,u-CRCR,1,1,0.25,0.125,0.1851851851851852,0.6,0.875,1.0,0.2589703588143526,If,0,0,1,0
964,tcas,u-CRCR,1,1,0.25,0.125,0.1851851851851852,0.6,0.875,1.0,0.2589703588143526,If,0,0,1,0
965,tcas,u-CRCR,1,1,0.25,0.125,0.1851851851851852,0.6,0.875,1.0,0.2589703588143526,If,1,0,1,0
966,tcas,u-CRCR,1,1,0.25,0.125,0.1851851851851852,0.6,0.875,1.0,0.2589703588143526,If,0,0,1,0
967,tcas,u-CRCR,1,1,0.25,0.125,0.1851851851851852,0.6,0.875,1.0,0.2589703588143526,If,0,0,1,0
968,tcas,u-CRCR,1,1,0.25,0.125,0.1851851851851852,0.6,0.875,1.0,0.2589703588143526,If,0,0,1,0
969,tcas,u-CRCR,1,1,0.25,0.125,0.1851851851851852,0.6,0.875,1.0,0.2589703588143526,If,0,0,1,0
970,tcas,u-CRCR,1,0,0.5,0.25,0.3703703703703704,0.8,0.75,0.9696969696969696,0.0062402496099844,If,0,0,1,0
971,tcas,u-CRCR,1,0,0.5,0.25,0.3703703703703704,0.8,0.75,0.9696969696969696,0.0062402496099844,If,0,0,1,0
972,tcas,u-CRCR,1,0,0.5,0.25,0.3703703703703704,0.8,0.75,0.9696969696969696,0.0062402496099844,If,0,0,1,0
973,tcas,u-CRCR,1,0,0.5,0.25,0.3703703703703704,0.8,0.75,0.9696969696969696,0.0062402496099844,If,0,0,1,0
974,tcas,u-CRCR,1,0,0.5,0.25,0.3703703703703704,0.8,0.75,0.9696969696969696,0.0062402496099844,If,0,0,1,0
975,tcas,u-CRCR,1,0,0.75,0.375,0.5555555555555555,1.0,0.625,0.9090909090909092,0.0062402496099844,If,0,0,1,0
976,tcas,u-CRCR,1,0,0.75,0.375,0.5555555555555555,1.0,0.625,0.9090909090909092,0.0062402496099844,If,0,0,1,0
977,tcas,u-CRCR,1,0,0.75,0.375,0.5555555555555555,1.0,0.625,0.9090909090909092,0.0062402496099844,If,0,0,1,0
978,tcas,u-CRCR,1,0,0.75,0.375,0.5555555555555555,1.0,0.625,0.9090909090909092,0.0062402496099844,If,0,0,1,0
979,tcas,u-CRCR,1,0,0.75,0.375,0.5555555555555555,1.0,0.625,0.9090909090909092,0.0062402496099844,If,0,0,1,0
980,tcas,u-CRCR,0,1,0.25,1.0,1.0,0.0,0.0,0.0,0.0,Return,0,0,0,1
981,tcas,u-CRCR,0,1,0.25,1.0,1.0,0.0,0.0,0.0,0.0,Return,0,0,0,1
982,tcas,u-CRCR,0,1,0.25,1.0,1.0,0.0,0.0,0.0,0.0,Return,0,0,0,1
983,tcas,u-CRCR,0,1,0.25,1.0,1.0,0.0,0.0,0.0,0.0,Return,0,0,0,1
984,tcas,u-CRCR,0,1,0.25,1.0,1.0,0.0,0.0,0.0,0.0,Return,0,0,0,1
985,tcas,u-OCNG,1,1,0.0,0.0,0.0,0.2,1.0,0.981818181818182,1.0,If,0,0,0,1
986,tcas,u-OCNG,1,1,0.25,0.125,0.1851851851851852,0.6,0.875,1.0,0.2589703588143526,If,0,0,1,0
987,tcas,u-OCNG,1,0,0.5,0.25,0.3703703703703704,0.8,0.75,0.9696969696969696,0.0062402496099844,If,0,0,1,0
988,tcas,u-OCNG,1,0,0.75,0.375,0.5555555555555555,1.0,0.625,0.9090909090909092,0.0062402496099844,If,0,0,1,0
989,tcas,u-OEAA,1,1,0.0,0.0,0.0,0.2,1.0,0.981818181818182,1.0,Assignment,0,0,0,1
990,tcas,u-OEAA,1,1,0.0,0.0,0.0,0.2,1.0,0.981818181818182,1.0,Assignment,0,0,0,1
991,tcas,u-OEAA,1,1,0.0,0.0,0.0,0.2,1.0,0.981818181818182,1.0,Assignment,0,0,0,1
992,tcas,u-OEAA,1,1,0.0,0.0,0.0,0.2,1.0,0.981818181818182,1.0,Assignment,1,0,0,1
993,tcas,u-OEAA,1,1,0.0,0.0,0.0,0.2,1.0,0.981818181818182,1.0,Assignment,1,0,0,1
994,tcas,u-OEAA,1,1,0.0,0.0,0.0,0.2,1.0,0.981818181818182,1.0,Assignment,0,0,0,1
995,tcas,u-OEAA,1,1,0.0,0.0,0.0,0.2,1.0,0.981818181818182,1.0,Assignment,0,0,0,1
996,tcas,u-OEAA,1,1,0.0,0.0,0.0,0.2,1.0,0.981818181818182,1.0,Assignment,0,0,0,1
997,tcas,u-OEAA,1,1,0.0,0.0,0.0,0.2,1.0,0.981818181818182,1.0,Assignment,1,0,0,1
998,tcas,u-OEAA,1,1,0.0,0.0,0.0,0.2,1.0,0.981818181818182,1.0,Assignment,1,0,0,1
999,tcas,u-OEAA,1,1,0.0,0.0,0.0,0.2,1.0,0.981818181818182,1.0,Assignment,0,0,0,1
1000,tcas,u-OEAA,1,1,0.0,0.0,0.0,0.2,1.0,0.981818181818182,1.0,Assignment,0,0,0,1
1001,tcas,u-OEAA,1,1,0.0,0.0,0.0,0.2,1.0,0.981818181818182,1.0,Assignment,0,0,0,1
1002,tcas,u-OEAA,1,1,0.0,0.0,0.0,0.2,1.0,0.981818181818182,1.0,Assignment,1,0,0,1
1003,tcas,u-OEAA,1,1,0.0,0.0,0.0,0.2,1.0,0.981818181818182,1.0,Assignment,1,0,0,1
1004,tcas,u-OEAA,1,1,0.0,0.0,0.0,0.2,1.0,0.981818181818182,1.0,Assignment,1,0,0,1
1005,tcas,u-OEAA,1,1,0.0,0.0,0.0,0.2,1.0,0.981818181818182,1.0,Assignment,0,0,0,1
1006,tcas,u-OEAA,1,1,0.0,0.0,0.0,0.2,1.0,0.981818181818182,1.0,Assignment,0,0,0,1
1007,tcas,u-OEAA,1,1,0.0,0.0,0.0,0.2,1.0,0.981818181818182,1.0,Assignment,1,0,0,1
1008,tcas,u-OEAA,1,1,0.0,0.0,0.0,0.2,1.0,0.981818181818182,1.0,Assignment,1,0,0,1
1009,tcas,u-OEAA,1,1,0.25,0.125,0.1851851851851852,0.6,0.875,1.0,0.2589703588143526,Assignment,1,0,0,1
1010,tcas,u-OEAA,1,1,0.25,0.125,0.1851851851851852,0.6,0.875,1.0,0.2589703588143526,Assignment,0,0,1,0
1011,tcas,u-OEAA,1,1,0.25,0.125,0.1851851851851852,0.6,0.875,1.0,0.2589703588143526,Assignment,0,0,1,0
1012,tcas,u-OEAA,1,1,0.25,0.125,0.1851851851851852,0.6,0.875,1.0,0.2589703588143526,Assignment,0,0,1,0
1013,tcas,u-OEAA,1,1,0.25,0.125,0.1851851851851852,0.6,0.875,1.0,0.2589703588143526,Assignment,0,0,1,0
1014,tcas,u-OEAA,1,1,0.25,0.125,0.1851851851851852,0.6,0.875,1.0,0.2589703588143526,Assignment,1,0,0,1
1015,tcas,u-OEAA,1,1,0.25,0.125,0.1851851851851852,0.6,0.875,1.0,0.2589703588143526,Assignment,0,0,1,0
1016,tcas,u-OEAA,1,1,0.25,0.125,0.1851851851851852,0.6,0.875,1.0,0.2589703588143526,Assignment,0,0,1,0
1017,tcas,u-OEAA,1,1,0.25,0.125,0.1851851851851852,0.6,0.875,1.0,0.2589703588143526,Assignment,0,0,1,0
1018,tcas,u-OEAA,1,1,0.25,0.125,0.1851851851851852,0.6,0.875,1.0,0.2589703588143526,Assignment,0,0,1,0
1019,tcas,u-OEAA,0,1,0.5,0.25,0.3703703703703704,0.4,0.25,0.3636363636363637,0.0,Assignment,1,0,0,1
1020,tcas,u-OEAA,0,1,0.5,0.25,0.3703703703703704,0.4,0.25,0.3636363636363637,0.0,Assignment,1,0,0,1
1021,tcas,u-OEAA,0,1,0.5,0.25,0.3703703703703704,0.4,0.25,0.3636363636363637,0.0,Assignment,1,0,0,1
1022,tcas,u-OEAA,0,1,0.5,0.25,0.3703703703703704,0.4,0.25,0.3636363636363637,0.0,Assignment,1,0,0,1
1023,tcas,u-OEAA,0,1,0.5,0.25,0.3703703703703704,0.4,0.25,0.3636363636363637,0.0,Assignment,1,0,0,1
1024,tcas,u-OEAA,0,1,0.75,0.375,0.5555555555555555,0.6,0.375,0.5454545454545454,0.0,Assignment,0,0,1,0
1025,tcas,u-OEAA,0,1,0.75,0.375,0.5555555555555555,0.6,0.375,0.5454545454545454,0.0,Assignment,0,0,1,0
1026,tcas,u-OEAA,0,1,0.75,0.375,0.5555555555555555,0.6,0.375,0.5454545454545454,0.0,Assignment,0,0,1,0
1027,tcas,u-OEAA,0,1,0.75,0.375,0.5555555555555555,0.6,0.375,0.5454545454545454,0.0,Assignment,1,0,1,0
1028,tcas,u-OEAA,0,1,0.75,0.375,0.5555555555555555,0.6,0.375,0.5454545454545454,0.0,Assignment,0,0,1,0
1029,tcas,u-OEAA,0,1,1.0,0.5,0.7407407407407407,0.8,0.5,0.7272727272727273,0.0,Assignment,0,0,0,1
1030,tcas,u-OEAA,0,1,1.0,0.5,0.7407407407407407,0.8,0.5,0.7272727272727273,0.0,Assignment,0,0,0,1
1031,tcas,u-OEAA,0,1,1.0,0.5,0.7407407407407407,0.8,0.5,0.7272727272727273,0.0,Assignment,0,0,0,1
1032,tcas,u-OEAA,0,1,1.0,0.5,0.7407407407407407,0.8,0.5,0.7272727272727273,0.0,Assignment,1,0,0,1
1033,tcas,u-OEAA,0,1,1.0,0.5,0.7407407407407407,0.8,0.5,0.7272727272727273,0.0,Assignment,0,0,0,1
1034,tcas,u-OEAA,0,1,1.0,0.5,0.7407407407407407,0.8,0.5,0.7272727272727273,0.0,Assignment,1,0,0,1
1035,tcas,u-OEAA,0,1,1.0,0.5,0.7407407407407407,0.8,0.5,0.7272727272727273,0.0,Assignment,0,0,0,1
1036,tcas,u-OEAA,0,1,1.0,0.5,0.7407407407407407,0.8,0.5,0.7272727272727273,0.0,Assignment,0,0,0,1
1037,tcas,u-OEAA,0,1,1.0,0.5,0.7407407407407407,0.8,0.5,0.7272727272727273,0.0,Assignment,1,0,0,1
1038,tcas,u-OEAA,0,1,1.0,0.5,0.7407407407407407,0.8,0.5,0.7272727272727273,0.0,Assignment,1,0,0,1
1039,tcas,u-OEBA,1,1,0.0,0.0,0.0,0.2,1.0,0.981818181818182,1.0,Assignment,0,0,0,1
1040,tcas,u-OEBA,1,1,0.0,0.0,0.0,0.2,1.0,0.981818181818182,1.0,Assignment,1,0,0,1
1041,tcas,u-OEBA,1,1,0.0,0.0,0.0,0.2,1.0,0.981818181818182,1.0,Assignment,1,0,0,1
1042,tcas,u-OEBA,1,1,0.0,0.0,0.0,0.2,1.0,0.981818181818182,1.0,Assignment,0,0,0,1
1043,tcas,u-OEBA,1,1,0.0,0.0,0.0,0.2,1.0,0.981818181818182,1.0,Assignment,1,0,0,1
1044,tcas,u-OEBA,1,1,0.0,0.0,0.0,0.2,1.0,0.981818181818182,1.0,Assignment,1,0,0,1
1045,tcas,u-OEBA,1,1,0.0,0.0,0.0,0.2,1.0,0.981818181818182,1.0,Assignment,0,0,0,1
1046,tcas,u-OEBA,1,1,0.0,0.0,0.0,0.2,1.0,0.981818181818182,1.0,Assignment,1,0,0,1
1047,tcas,u-OEBA,1,1,0.0,0.0,0.0,0.2,1.0,0.981818181818182,1.0,Assignment,1,0,0,1
1048,tcas,u-OEBA,1,1,0.0,0.0,0.0,0.2,1.0,0.981818181818182,1.0,Assignment,1,0,0,1
1049,tcas,u-OEBA,1,1,0.0,0.0,0.0,0.2,1.0,0.981818181818182,1.0,Assignment,1,0,0,1
1050,tcas,u-OEBA,1,1,0.0,0.0,0.0,0.2,1.0,0.981818181818182,1.0,Assignment,1,0,0,1
1051,tcas,u-OEBA,1,1,0.25,0.125,0.1851851851851852,0.6,0.875,1.0,0.2589703588143526,Assignment,0,0,0,1
1052,tcas,u-OEBA,1,1,0.25,0.125,0.1851851851851852,0.6,0.875,1.0,0.2589703588143526,Assignment,0,0,0,1
1053,tcas,u-OEBA,1,1,0.25,0.125,0.1851851851851852,0.6,0.875,1.0,0.2589703588143526,Assignment,0,0,0,1
1054,tcas,u-OEBA,1,1,0.25,0.125,0.1851851851851852,0.6,0.875,1.0,0.2589703588143526,Assignment,0,0,0,1
1055,tcas,u-OEBA,1,1,0.25,0.125,0.1851851851851852,0.6,0.875,1.0,0.2589703588143526,Assignment,0,0,0,1
1056,tcas,u-OEBA,1,1,0.25,0.125,0.1851851851851852,0.6,0.875,1.0,0.2589703588143526,Assignment,0,0,0,1
1057,tcas,u-OEBA,0,1,0.5,0.25,0.3703703703703704,0.4,0.25,0.3636363636363637,0.0,Assignment,1,0,0,1
1058,tcas,u-OEBA,0,1,0.5,0.25,0.3703703703703704,0.4,0.25,0.3636363636363637,0.0,Assignment,1,0,0,1
1059,tcas,u-OEBA,0,1,0.5,0.25,0.3703703703703704,0.4,0.25,0.3636363636363637,0.0,Assignment,1,0,0,1
1060,tcas,u-OEBA,0,1,0.75,0.375,0.5555555555555555,0.6,0.375,0.5454545454545454,0.0,Assignment,0,0,0,1
1061,tcas,u-OEBA,0,1,0.75,0.375,0.5555555555555555,0.6,0.375,0.5454545454545454,0.0,Assignment,1,0,0,1
1062,tcas,u-OEBA,0,1,0.75,0.375,0.5555555555555555,0.6,0.375,0.5454545454545454,0.0,Assignment,1,0,0,1
1063,tcas,u-OEBA,0,1,1.0,0.5,0.7407407407407407,0.8,0.5,0.7272727272727273,0.0,Assignment,0,0,0,1
1064,tcas,u-OEBA,0,1,1.0,0.5,0.7407407407407407,0.8,0.5,0.7272727272727273,0.0,Assignment,1,0,0,1
1065,tcas,u-OEBA,0,1,1.0,0.5,0.7407407407407407,0.8,0.5,0.7272727272727273,0.0,Assignment,1,0,0,1
1066,tcas,u-OEBA,0,1,1.0,0.5,0.7407407407407407,0.8,0.5,0.7272727272727273,0.0,Assignment,1,0,0,1
1067,tcas,u-OEBA,0,1,1.0,0.5,0.7407407407407407,0.8,0.5,0.7272727272727273,0.0,Assignment,1,0,0,1
1068,tcas,u-OEBA,0,1,1.0,0.5,0.7407407407407407,0.8,0.5,0.7272727272727273,0.0,Assignment,1,0,0,1
1069,tcas,u-OESA,1,1,0.0,0.0,0.0,0.2,1.0,0.981818181818182,1.0,Assignment,0,0,0,1
1070,tcas,u-OESA,1,1,0.0,0.0,0.0,0.2,1.0,0.981818181818182,1.0,Assignment,0,0,0,1
1071,tcas,u-OESA,1,1,0.0,0.0,0.0,0.2,1.0,0.981818181818182,1.0,Assignment,0,0,0,1
1072,tcas,u-OESA,1,1,0.0,0.0,0.0,0.2,1.0,0.981818181818182,1.0,Assignment,0,0,0,1
1073,tcas,u-OESA,1,1,0.0,0.0,0.0,0.2,1.0,0.981818181818182,1.0,Assignment,0,0,0,1
1074,tcas,u-OESA,1,1,0.0,0.0,0.0,0.2,1.0,0.981818181818182,1.0,Assignment,0,0,0,1
1075,tcas,u-OESA,1,1,0.0,0.0,0.0,0.2,1.0,0.981818181818182,1.0,Assignment,1,0,0,1
1076,tcas,u-OESA,1,1,0.0,0.0,0.0,0.2,1.0,0.981818181818182,1.0,Assignment,1,0,0,1
1077,tcas,u-OESA,1,1,0.25,0.125,0.1851851851851852,0.6,0.875,1.0,0.2589703588143526,Assignment,0,0,0,1
1078,tcas,u-OESA,1,1,0.25,0.125,0.1851851851851852,0.6,0.875,1.0,0.2589703588143526,Assignment,0,0,0,1
1079,tcas,u-OESA,1,1,0.25,0.125,0.1851851851851852,0.6,0.875,1.0,0.2589703588143526,Assignment,0,0,0,1
1080,tcas,u-OESA,1,1,0.25,0.125,0.1851851851851852,0.6,0.875,1.0,0.2589703588143526,Assignment,0,0,0,1
1081,tcas,u-OESA,0,1,0.5,0.25,0.3703703703703704,0.4,0.25,0.3636363636363637,0.0,Assignment,1,0,0,1
1082,tcas,u-OESA,0,1,0.5,0.25,0.3703703703703704,0.4,0.25,0.3636363636363637,0.0,Assignment,1,0,0,1
1083,tcas,u-OESA,0,1,0.75,0.375,0.5555555555555555,0.6,0.375,0.5454545454545454,0.0,Assignment,0,0,1,0
1084,tcas,u-OESA,0,1,0.75,0.375,0.5555555555555555,0.6,0.375,0.5454545454545454,0.0,Assignment,0,0,1,0
1085,tcas,u-OESA,0,1,1.0,0.5,0.7407407407407407,0.8,0.5,0.7272727272727273,0.0,Assignment,0,0,0,1
1086,tcas,u-OESA,0,1,1.0,0.5,0.7407407407407407,0.8,0.5,0.7272727272727273,0.0,Assignment,0,0,0,1
1087,tcas,u-OESA,0,1,1.0,0.5,0.7407407407407407,0.8,0.5,0.7272727272727273,0.0,Assignment,1,0,0,1
1088,tcas,u-OESA,0,1,1.0,0.5,0.7407407407407407,0.8,0.5,0.7272727272727273,0.0,Assignment,1,0,0,1
1089,tcas,u-OLAN,1,1,0.0,0.0,0.0,0.2,1.0,0.981818181818182,1.0,Assignment,0,0,0,1
1090,tcas,u-OLAN,1,1,0.0,0.0,0.0,0.2,1.0,0.981818181818182,1.0,Assignment,0,0,0,1
1091,tcas,u-OLAN,1,1,0.0,0.0,0.0,0.2,1.0,0.981818181818182,1.0,Assignment,1,0,0,1
1092,tcas,u-OLAN,1,1,0.0,0.0,0.0,0.2,1.0,0.981818181818182,1.0,Assignment,0,0,0,1
1093,tcas,u-OLAN,1,1,0.0,0.0,0.0,0.2,1.0,0.981818181818182,1.0,Assignment,0,0,0,1
1094,tcas,u-OLAN,1,1,0.0,0.0,0.0,0.2,1.0,0.981818181818182,1.0,Assignment,0,0,0,1
1095,tcas,u-OLAN,1,1,0.0,0.0,0.0,0.2,1.0,0.981818181818182,1.0,Assignment,0,0,0,1
1096,tcas,u-OLAN,1,1,0.0,0.0,0.0,0.2,1.0,0.981818181818182,1.0,Assignment,1,0,0,1
1097,tcas,u-OLAN,1,1,0.0,0.0,0.0,0.2,1.0,0.981818181818182,1.0,Assignment,0,0,0,1
1098,tcas,u-OLAN,1,1,0.0,0.0,0.0,0.2,1.0,0.981818181818182,1.0,Assignment,0,0,0,1
1099,tcas,u-OLAN,1,1,0.0,0.0,0.0,0.2,1.0,0.981818181818182,1.0,Assignment,0,0,0,1
1100,tcas,u-OLAN,1,1,0.0,0.0,0.0,0.2,1.0,0.981818181818182,1.0,Assignment,0,0,0,1
1101,tcas,u-OLAN,1,1,0.0,0.0,0.0,0.2,1.0,0.981818181818182,1.0,Assignment,1,0,0,1
1102,tcas,u-OLAN,1,1,0.0,0.0,0.0,0.2,1.0,0.981818181818182,1.0,Assignment,0,0,0,1
1103,tcas,u-OLAN,1,1,0.0,0.0,0.0,0.2,1.0,0.981818181818182,1.0,Assignment,0,0,0,1
1104,tcas,u-OLAN,1,1,0.0,0.0,0.0,0.2,1.0,0.981818181818182,1.0,If,0,0,0,1
1105,tcas,u-OLAN,1,1,0.0,0.0,0.0,0.2,1.0,0.981818181818182,1.0,If,0,0,0,1
1106,tcas,u-OLAN,1,1,0.0,0.0,0.0,0.2,1.0,0.981818181818182,1.0,If,1,0,0,1
1107,tcas,u-OLAN,1,1,0.0,0.0,0.0,0.2,1.0,0.981818181818182,1.0,If,0,0,0,1
1108,tcas,u-OLAN,1,1,0.0,0.0,0.0,0.2,1.0,0.981818181818182,1.0,If,0,0,0,1
1109,tcas,u-OLAN,1,1,0.0,0.0,0.0,0.2,1.0,0.981818181818182,1.0,If,1,0,0,1
1110,tcas,u-OLAN,1,1,0.0,0.0,0.0,0.2,1.0,0.981818181818182,1.0,If,1,0,0,1
1111,tcas,u-OLAN,1,1,0.0,0.0,0.0,0.2,1.0,0.981818181818182,1.0,If,0,0,0,1
1112,tcas,u-OLAN,1,1,0.0,0.0,0.0,0.2,1.0,0.981818181818182,1.0,If,0,0,0,1
1113,tcas,u-OLAN,1,1,0.0,0.0,0.0,0.2,1.0,0.981818181818182,1.0,If,0,0,0,1
1114,tcas,u-OLAN,1,1,0.0,0.0,0.0,0.2,1.0,0.981818181818182,1.0,If,0,0,0,1
1115,tcas,u-OLAN,1,1,0.0,0.0,0.0,0.2,1.0,0.981818181818182,1.0,If,0,0,0,1
1116,tcas,u-OLAN,1,1,0.0,0.0,0.0,0.2,1.0,0.981818181818182,1.0,If,1,0,0,1
1117,tcas,u-OLAN,1,1,0.0,0.0,0.0,0.2,1.0,0.981818181818182,1.0,If,0,0,0,1
1118,tcas,u-OLAN,1,1,0.0,0.0,0.0,0.2,1.0,0.981818181818182,1.0,If,0,0,0,1
1119,tcas,u-OLAN,1,1,0.25,0.125,0.1851851851851852,0.6,0.875,1.0,0.2589703588143526,Assignment,0,0,0,1
1120,tcas,u-OLAN,1,1,0.25,0.125,0.1851851851851852,0.6,0.875,1.0,0.2589703588143526,Assignment,0,0,0,1
1121,tcas,u-OLAN,1,1,0.25,0.125,0.1851851851851852,0.6,0.875,1.0,0.2589703588143526,Assignment,1,0,0,1
1122,tcas,u-OLAN,1,1,0.25,0.125,0.1851851851851852,0.6,0.875,1.0,0.2589703588143526,Assignment,0,0,0,1
1123,tcas,u-OLAN,1,1,0.25,0.125,0.1851851851851852,0.6,0.875,1.0,0.2589703588143526,Assignment,0,0,0,1
1124,tcas,u-OLAN,1,1,0.25,0.125,0.1851851851851852,0.6,0.875,1.0,0.2589703588143526,Assignment,0,0,0,1
1125,tcas,u-OLAN,1,1,0.25,0.125,0.1851851851851852,0.6,0.875,1.0,0.2589703588143526,Assignment,0,0,0,1
1126,tcas,u-OLAN,1,1,0.25,0.125,0.1851851851851852,0.6,0.875,1.0,0.2589703588143526,Assignment,1,0,0,1
1127,tcas,u-OLAN,1,1,0.25,0.125,0.1851851851851852,0.6,0.875,1.0,0.2589703588143526,Assignment,0,0,0,1
1128,tcas,u-OLAN,1,1,0.25,0.125,0.1851851851851852,0.6,0.875,1.0,0.2589703588143526,Assignment,0,0,0,1
1129,tcas,u-OLAN,1,1,0.25,0.125,0.1851851851851852,0.6,0.875,1.0,0.2589703588143526,If,0,0,1,0
1130,tcas,u-OLAN,1,1,0.25,0.125,0.1851851851851852,0.6,0.875,1.0,0.2589703588143526,If,0,0,1,0
1131,tcas,u-OLAN,1,1,0.25,0.125,0.1851851851851852,0.6,0.875,1.0,0.2589703588143526,If,1,0,0,1
1132,tcas,u-OLAN,1,1,0.25,0.125,0.1851851851851852,0.6,0.875,1.0,0.2589703588143526,If,0,0,1,0
1133,tcas,u-OLAN,1,1,0.25,0.125,0.1851851851851852,0.6,0.875,1.0,0.2589703588143526,If,0,0,1,0
1134,tcas,u-OLBN,1,1,0.0,0.0,0.0,0.2,1.0,0.981818181818182,1.0,Assignment,0,0,0,1
1135,tcas,u-OLBN,1,1,0.0,0.0,0.0,0.2,1.0,0.981818181818182,1.0,Assignment,1,0,0,1
1136,tcas,u-OLBN,1,1,0.0,0.0,0.0,0.2,1.0,0.981818181818182,1.0,Assignment,0,0,0,1
1137,tcas,u-OLBN,1,1,0.0,0.0,0.0,0.2,1.0,0.981818181818182,1.0,Assignment,0,0,0,1
1138,tcas,u-OLBN,1,1,0.0,0.0,0.0,0.2,1.0,0.981818181818182,1.0,Assignment,1,0,0,1
1139,tcas,u-OLBN,1,1,0.0,0.0,0.0,0.2,1.0,0.981818181818182,1.0,Assignment,0,0,0,1
1140,tcas,u-OLBN,1,1,0.0,0.0,0.0,0.2,1.0,0.981818181818182,1.0,Assignment,0,0,0,1
1141,tcas,u-OLBN,1,1,0.0,0.0,0.0,0.2,1.0,0.981818181818182,1.0,Assignment,1,0,0,1
1142,tcas,u-OLBN,1,1,0.0,0.0,0.0,0.2,1.0,0.981818181818182,1.0,Assignment,0,0,0,1
1143,tcas,u-OLBN,1,1,0.0,0.0,0.0,0.2,1.0,0.981818181818182,1.0,If,0,0,0,1
1144,tcas,u-OLBN,1,1,0.0,0.0,0.0,0.2,1.0,0.981818181818182,1.0,If,1,0,0,1
1145,tcas,u-OLBN,1,1,0.0,0.0,0.0,0.2,1.0,0.981818181818182,1.0,If,0,0,0,1
1146,tcas,u-OLBN,1,1,0.0,0.0,0.0,0.2,1.0,0.981818181818182,1.0,If,1,0,0,1
1147,tcas,u-OLBN,1,1,0.0,0.0,0.0,0.2,1.0,0.981818181818182,1.0,If,0,0,0,1
1148,tcas,u-OLBN,1,1,0.0,0.0,0.0,0.2,1.0,0.981818181818182,1.0,If,1,0,0,1
1149,tcas,u-OLBN,1,1,0.0,0.0,0.0,0.2,1.0,0.981818181818182,1.0,If,0,0,0,1
1150,tcas,u-OLBN,1,1,0.0,0.0,0.0,0.2,1.0,0.981818181818182,1.0,If,1,0,0,1
1151,tcas,u-OLBN,1,1,0.0,0.0,0.0,0.2,1.0,0.981818181818182,1.0,If,0,0,0,1
1152,tcas,u-OLBN,1,1,0.25,0.125,0.1851851851851852,0.6,0.875,1.0,0.2589703588143526,Assignment,0,0,0,1
1153,tcas,u-OLBN,1,1,0.25,0.125,0.1851851851851852,0.6,0.875,1.0,0.2589703588143526,Assignment,1,0,0,1
1154,tcas,u-OLBN,1,1,0.25,0.125,0.1851851851851852,0.6,0.875,1.0,0.2589703588143526,Assignment,0,0,0,1
1155,tcas,u-OLBN,1,1,0.25,0.125,0.1851851851851852,0.6,0.875,1.0,0.2589703588143526,Assignment,0,0,0,1
1156,tcas,u-OLBN,1,1,0.25,0.125,0.1851851851851852,0.6,0.875,1.0,0.2589703588143526,Assignment,1,0,0,1
1157,tcas,u-OLBN,1,1,0.25,0.125,0.1851851851851852,0.6,0.875,1.0,0.2589703588143526,Assignment,0,0,0,1
1158,tcas,u-OLBN,1,1,0.25,0.125,0.1851851851851852,0.6,0.875,1.0,0.2589703588143526,If,0,0,0,1
1159,tcas,u-OLBN,1,1,0.25,0.125,0.1851851851851852,0.6,0.875,1.0,0.2589703588143526,If,1,0,0,1
1160,tcas,u-OLBN,1,1,0.25,0.125,0.1851851851851852,0.6,0.875,1.0,0.2589703588143526,If,0,0,0,1
1161,tcas,u-OLLN,1,1,0.0,0.0,0.0,0.2,1.0,0.981818181818182,1.0,Assignment,0,0,0,1
1162,tcas,u-OLLN,1,1,0.0,0.0,0.0,0.2,1.0,0.981818181818182,1.0,Assignment,0,0,0,1
1163,tcas,u-OLLN,1,1,0.0,0.0,0.0,0.2,1.0,0.981818181818182,1.0,Assignment,0,0,0,1
1164,tcas,u-OLLN,1,1,0.0,0.0,0.0,0.2,1.0,0.981818181818182,1.0,If,0,0,0,1
1165,tcas,u-OLLN,1,1,0.0,0.0,0.0,0.2,1.0,0.981818181818182,1.0,If,0,0,0,1
1166,tcas,u-OLLN,1,1,0.0,0.0,0.0,0.2,1.0,0.981818181818182,1.0,If,0,0,0,1
1167,tcas,u-OLLN,1,1,0.25,0.125,0.1851851851851852,0.6,0.875,1.0,0.2589703588143526,Assignment,0,0,0,1
1168,tcas,u-OLLN,1,1,0.25,0.125,0.1851851851851852,0.6,0.875,1.0,0.2589703588143526,Assignment,0,0,0,1
1169,tcas,u-OLLN,1,1,0.25,0.125,0.1851851851851852,0.6,0.875,1.0,0.2589703588143526,If,0,0,0,1
1170,tcas,u-OLNG,1,1,0.0,0.0,0.0,0.2,1.0,0.981818181818182,1.0,Assignment,0,0,0,1
1171,tcas,u-OLNG,1,1,0.0,0.0,0.0,0.2,1.0,0.981818181818182,1.0,Assignment,0,0,0,1
1172,tcas,u-OLNG,1,1,0.0,0.0,0.0,0.2,1.0,0.981818181818182,1.0,Assignment,0,0,0,1
1173,tcas,u-OLNG,1,1,0.0,0.0,0.0,0.2,1.0,0.981818181818182,1.0,Assignment,0,0,0,1
1174,tcas,u-OLNG,1,1,0.0,0.0,0.0,0.2,1.0,0.981818181818182,1.0,Assignment,0,0,0,1
1175,tcas,u-OLNG,1,1,0.0,0.0,0.0,0.2,1.0,0.981818181818182,1.0,Assignment,0,0,0,1
1176,tcas,u-OLNG,1,1,0.0,0.0,0.0,0.2,1.0,0.981818181818182,1.0,Assignment,0,0,0,1
1177,tcas,u-OLNG,1,1,0.0,0.0,0.0,0.2,1.0,0.981818181818182,1.0,Assignment,0,0,0,1
1178,tcas,u-OLNG,1,1,0.0,0.0,0.0,0.2,1.0,0.981818181818182,1.0,Assignment,0,0,0,1
1179,tcas,u-OLNG,1,1,0.0,0.0,0.0,0.2,1.0,0.981818181818182,1.0,If,0,0,0,1
1180,tcas,u-OLNG,1,1,0.0,0.0,0.0,0.2,1.0,0.981818181818182,1.0,If,0,0,0,1
1181,tcas,u-OLNG,1,1,0.0,0.0,0.0,0.2,1.0,0.981818181818182,1.0,If,0,0,0,1
1182,tcas,u-OLNG,1,1,0.0,0.0,0.0,0.2,1.0,0.981818181818182,1.0,If,0,0,0,1
1183,tcas,u-OLNG,1,1,0.0,0.0,0.0,0.2,1.0,0.981818181818182,1.0,If,0,0,0,1
1184,tcas,u-OLNG,1,1,0.0,0.0,0.0,0.2,1.0,0.981818181818182,1.0,If,0,0,0,1
1185,tcas,u-OLNG,1,1,0.0,0.0,0.0,0.2,1.0,0.981818181818182,1.0,If,0,0,0,1
1186,tcas,u-OLNG,1,1,0.0,0.0,0.0,0.2,1.0,0.981818181818182,1.0,If,0,0,0,1
1187,tcas,u-OLNG,1,1,0.0,0.0,0.0,0.2,1.0,0.981818181818182,1.0,If,0,0,0,1
1188,tcas,u-OLNG,1,1,0.25,0.125,0.1851851851851852,0.6,0.875,1.0,0.2589703588143526,Assignment,0,0,0,1
1189,tcas,u-OLNG,1,1,0.25,0.125,0.1851851851851852,0.6,0.875,1.0,0.2589703588143526,Assignment,0,0,0,1
1190,tcas,u-OLNG,1,1,0.25,0.125,0.1851851851851852,0.6,0.875,1.0,0.2589703588143526,Assignment,0,0,0,1
1191,tcas,u-OLNG,1,1,0.25,0.125,0.1851851851851852,0.6,0.875,1.0,0.2589703588143526,Assignment,0,0,0,1
1192,tcas,u-OLNG,1,1,0.25,0.125,0.1851851851851852,0.6,0.875,1.0,0.2589703588143526,Assignment,0,0,0,1
1193,tcas,u-OLNG,1,1,0.25,0.125,0.1851851851851852,0.6,0.875,1.0,0.2589703588143526,Assignment,0,0,0,1
1194,tcas,u-OLNG,1,1,0.25,0.125,0.1851851851851852,0.6,0.875,1.0,0.2589703588143526,If,0,0,1,0
1195,tcas,u-OLNG,1,1,0.25,0.125,0.1851851851851852,0.6,0.875,1.0,0.2589703588143526,If,0,0,1,0
1196,tcas,u-OLNG,1,1,0.25,0.125,0.1851851851851852,0.6,0.875,1.0,0.2589703588143526,If,0,0,1,0
1197,tcas,u-OLRN,1,1,0.0,0.0,0.0,0.2,1.0,0.981818181818182,1.0,Assignment,0,0,0,1
1198,tcas,u-OLRN,1,1,0.0,0.0,0.0,0.2,1.0,0.981818181818182,1.0,Assignment,0,0,0,1
1199,tcas,u-OLRN,1,1,0.0,0.0,0.0,0.2,1.0,0.981818181818182,1.0,Assignment,0,1,0,0
1200,tcas,u-OLRN,1,1,0.0,0.0,0.0,0.2,1.0,0.981818181818182,1.0,Assignment,0,0,0,1
1201,tcas,u-OLRN,1,1,0.0,0.0,0.0,0.2,1.0,0.981818181818182,1.0,Assignment,0,1,0,0
1202,tcas,u-OLRN,1,1,0.0,0.0,0.0,0.2,1.0,0.981818181818182,1.0,Assignment,0,0,0,1
1203,tcas,u-OLRN,1,1,0.0,0.0,0.0,0.2,1.0,0.981818181818182,1.0,Assignment,0,0,0,1
1204,tcas,u-OLRN,1,1,0.0,0.0,0.0,0.2,1.0,0.981818181818182,1.0,Assignment,0,0,0,1
1205,tcas,u-OLRN,1,1,0.0,0.0,0.0,0.2,1.0,0.981818181818182,1.0,Assignment,0,0,0,1
1206,tcas,u-OLRN,1,1,0.0,0.0,0.0,0.2,1.0,0.981818181818182,1.0,Assignment,0,0,0,1
1207,tcas,u-OLRN,1,1,0.0,0.0,0.0,0.2,1.0,0.981818181818182,1.0,Assignment,0,1,0,0
1208,tcas,u-OLRN,1,1,0.0,0.0,0.0,0.2,1.0,0.981818181818182,1.0,Assignment,0,0,0,1
1209,tcas,u-OLRN,1,1,0.0,0.0,0.0,0.2,1.0,0.981818181818182,1.0,Assignment,0,0,0,1
1210,tcas,u-OLRN,1,1,0.0,0.0,0.0,0.2,1.0,0.981818181818182,1.0,Assignment,0,0,0,1
1211,tcas,u-OLRN,1,1,0.0,0.0,0.0,0.2,1.0,0.981818181818182,1.0,Assignment,0,0,0,1
1212,tcas,u-OLRN,1,1,0.0,0.0,0.0,0.2,1.0,0.981818181818182,1.0,Assignment,0,0,0,1
1213,tcas,u-OLRN,1,1,0.0,0.0,0.0,0.2,1.0,0.981818181818182,1.0,Assignment,0,1,0,0
1214,tcas,u-OLRN,1,1,0.0,0.0,0.0,0.2,1.0,0.981818181818182,1.0,Assignment,0,0,0,1
1215,tcas,u-OLRN,1,1,0.0,0.0,0.0,0.2,1.0,0.981818181818182,1.0,If,0,0,0,1
1216,tcas,u-OLRN,1,1,0.0,0.0,0.0,0.2,1.0,0.981818181818182,1.0,If,0,0,0,1
1217,tcas,u-OLRN,1,1,0.0,0.0,0.0,0.2,1.0,0.981818181818182,1.0,If,1,0,0,1
1218,tcas,u-OLRN,1,1,0.0,0.0,0.0,0.2,1.0,0.981818181818182,1.0,If,0,0,0,1
1219,tcas,u-OLRN,1,1,0.0,0.0,0.0,0.2,1.0,0.981818181818182,1.0,If,1,0,0,1
1220,tcas,u-OLRN,1,1,0.0,0.0,0.0,0.2,1.0,0.981818181818182,1.0,If,0,0,0,1
1221,tcas,u-OLRN,1,1,0.0,0.0,0.0,0.2,1.0,0.981818181818182,1.0,If,0,0,0,1
1222,tcas,u-OLRN,1,1,0.0,0.0,0.0,0.2,1.0,0.981818181818182,1.0,If,0,0,0,1
1223,tcas,u-OLRN,1,1,0.0,0.0,0.0,0.2,1.0,0.981818181818182,1.0,If,0,0,0,1
1224,tcas,u-OLRN,1,1,0.0,0.0,0.0,0.2,1.0,0.981818181818182,1.0,If,0,0,0,1
1225,tcas,u-OLRN,1,1,0.0,0.0,0.0,0.2,1.0,0.981818181818182,1.0,If,0,0,0,1
1226,tcas,u-OLRN,1,1,0.0,0.0,0.0,0.2,1.0,0.981818181818182,1.0,If,1,0,0,1
1227,tcas,u-OLRN,1,1,0.0,0.0,0.0,0.2,1.0,0.981818181818182,1.0,If,0,0,0,1
1228,tcas,u-OLRN,1,1,0.0,0.0,0.0,0.2,1.0,0.981818181818182,1.0,If,0,0,0,1
1229,tcas,u-OLRN,1,1,0.0,0.0,0.0,0.2,1.0,0.981818181818182,1.0,If,0,0,0,1
1230,tcas,u-OLRN,1,1,0.0,0.0,0.0,0.2,1.0,0.981818181818182,1.0,If,0,0,0,1
1231,tcas,u-OLRN,1,1,0.0,0.0,0.0,0.2,1.0,0.981818181818182,1.0,If,0,1,0,0
1232,tcas,u-OLRN,1,1,0.0,0.0,0.0,0.2,1.0,0.981818181818182,1.0,If,0,0,0,1
1233,tcas,u-OLRN,1,1,0.25,0.125,0.1851851851851852,0.6,0.875,1.0,0.2589703588143526,Assignment,0,0,0,1
1234,tcas,u-OLRN,1,1,0.25,0.125,0.1851851851851852,0.6,0.875,1.0,0.2589703588143526,Assignment,0,0,0,1
1235,tcas,u-OLRN,1,1,0.25,0.125,0.1851851851851852,0.6,0.875,1.0,0.2589703588143526,Assignment,0,0,0,1
1236,tcas,u-OLRN,1,1,0.25,0.125,0.1851851851851852,0.6,0.875,1.0,0.2589703588143526,Assignment,0,0,0,1
1237,tcas,u-OLRN,1,1,0.25,0.125,0.1851851851851852,0.6,0.875,1.0,0.2589703588143526,Assignment,0,0,0,1
1238,tcas,u-OLRN,1,1,0.25,0.125,0.1851851851851852,0.6,0.875,1.0,0.2589703588143526,Assignment,0,0,0,1
1239,tcas,u-OLRN,1,1,0.25,0.125,0.1851851851851852,0.6,0.875,1.0,0.2589703588143526,Assignment,0,0,0,1
1240,tcas,u-OLRN,1,1,0.25,0.125,0.1851851851851852,0.6,0.875,1.0,0.2589703588143526,Assignment,0,0,0,1
1241,tcas,u-OLRN,1,1,0.25,0.125,0.1851851851851852,0.6,0.875,1.0,0.2589703588143526,Assignment,0,0,0,1
1242,tcas,u-OLRN,1,1,0.25,0.125,0.1851851851851852,0.6,0.875,1.0,0.2589703588143526,Assignment,0,0,0,1
1243,tcas,u-OLRN,1,1,0.25,0.125,0.1851851851851852,0.6,0.875,1.0,0.2589703588143526,Assignment,0,0,0,1
1244,tcas,u-OLRN,1,1,0.25,0.125,0.1851851851851852,0.6,0.875,1.0,0.2589703588143526,Assignment,0,0,0,1
1245,tcas,u-OLRN,1,1,0.25,0.125,0.1851851851851852,0.6,0.875,1.0,0.2589703588143526,If,0,0,0,1
1246,tcas,u-OLRN,1,1,0.25,0.125,0.1851851851851852,0.6,0.875,1.0,0.2589703588143526,If,0,0,0,1
1247,tcas,u-OLRN,1,1,0.25,0.125,0.1851851851851852,0.6,0.875,1.0,0.2589703588143526,If,0,0,0,1
1248,tcas,u-OLRN,1,1,0.25,0.125,0.1851851851851852,0.6,0.875,1.0,0.2589703588143526,If,0,0,0,1
1249,tcas,u-OLRN,1,1,0.25,0.125,0.1851851851851852,0.6,0.875,1.0,0.2589703588143526,If,1,0,0,1
1250,tcas,u-OLRN,1,1,0.25,0.125,0.1851851851851852,0.6,0.875,1.0,0.2589703588143526,If,0,0,0,1
1251,tcas,u-OLSN,1,1,0.0,0.0,0.0,0.2,1.0,0.981818181818182,1.0,Assignment,0,0,0,1
1252,tcas,u-OLSN,1,1,0.0,0.0,0.0,0.2,1.0,0.981818181818182,1.0,Assignment,0,0,0,1
1253,tcas,u-OLSN,1,1,0.0,0.0,0.0,0.2,1.0,0.981818181818182,1.0,Assignment,0,0,0,1
1254,tcas,u-OLSN,1,1,0.0,0.0,0.0,0.2,1.0,0.981818181818182,1.0,Assignment,0,0,0,1
1255,tcas,u-OLSN,1,1,0.0,0.0,0.0,0.2,1.0,0.981818181818182,1.0,Assignment,0,0,0,1
1256,tcas,u-OLSN,1,1,0.0,0.0,0.0,0.2,1.0,0.981818181818182,1.0,Assignment,0,0,0,1
1257,tcas,u-OLSN,1,1,0.0,0.0,0.0,0.2,1.0,0.981818181818182,1.0,If,0,0,0,1
1258,tcas,u-OLSN,1,1,0.0,0.0,0.0,0.2,1.0,0.981818181818182,1.0,If,0,0,0,1
1259,tcas,u-OLSN,1,1,0.0,0.0,0.0,0.2,1.0,0.981818181818182,1.0,If,0,0,0,1
1260,tcas,u-OLSN,1,1,0.0,0.0,0.0,0.2,1.0,0.981818181818182,1.0,If,0,0,0,1
1261,tcas,u-OLSN,1,1,0.0,0.0,0.0,0.2,1.0,0.981818181818182,1.0,If,0,0,0,1
1262,tcas,u-OLSN,1,1,0.0,0.0,0.0,0.2,1.0,0.981818181818182,1.0,If,0,0,0,1
1263,tcas,u-OLSN,1,1,0.25,0.125,0.1851851851851852,0.6,0.875,1.0,0.2589703588143526,Assignment,0,0,0,1
1264,tcas,u-OLSN,1,1,0.25,0.125,0.1851851851851852,0.6,0.875,1.0,0.2589703588143526,Assignment,0,0,0,1
1265,tcas,u-OLSN,1,1,0.25,0.125,0.1851851851851852,0.6,0.875,1.0,0.2589703588143526,Assignment,0,0,0,1
1266,tcas,u-OLSN,1,1,0.25,0.125,0.1851851851851852,0.6,0.875,1.0,0.2589703588143526,Assignment,0,0,0,1
1267,tcas,u-OLSN,1,1,0.25,0.125,0.1851851851851852,0.6,0.875,1.0,0.2589703588143526,If,0,0,1,0
1268,tcas,u-OLSN,1,1,0.25,0.125,0.1851851851851852,0.6,0.875,1.0,0.2589703588143526,If,0,0,1,0
1269,tcas,u-OODL,1,1,0.0,0.0,0.0,0.2,1.0,0.981818181818182,1.0,Assignment,0,0,0,1
1270,tcas,u-OODL,1,1,0.0,0.0,0.0,0.2,1.0,0.981818181818182,1.0,Assignment,0,0,0,1
1271,tcas,u-OODL,1,1,0.0,0.0,0.0,0.2,1.0,0.981818181818182,1.0,Assignment,0,0,0,1
1272,tcas,u-OODL,1,1,0.0,0.0,0.0,0.2,1.0,0.981818181818182,1.0,Assignment,0,1,0,0
1273,tcas,u-OODL,1,1,0.0,0.0,0.0,0.2,1.0,0.981818181818182,1.0,Assignment,0,0,0,1
1274,tcas,u-OODL,1,1,0.0,0.0,0.0,0.2,1.0,0.981818181818182,1.0,Assignment,0,0,0,1
1275,tcas,u-OODL,1,1,0.0,0.0,0.0,0.2,1.0,0.981818181818182,1.0,Assignment,0,0,0,1
1276,tcas,u-OODL,1,1,0.0,0.0,0.0,0.2,1.0,0.981818181818182,1.0,Assignment,0,0,0,1
1277,tcas,u-OODL,1,1,0.0,0.0,0.0,0.2,1.0,0.981818181818182,1.0,Assignment,0,0,0,1
1278,tcas,u-OODL,1,1,0.0,0.0,0.0,0.2,1.0,0.981818181818182,1.0,Assignment,0,0,0,1
1279,tcas,u-OODL,1,1,0.0,0.0,0.0,0.2,1.0,0.981818181818182,1.0,Assignment,0,0,0,1
1280,tcas,u-OODL,1,1,0.0,0.0,0.0,0.2,1.0,0.981818181818182,1.0,Assignment,0,0,0,1
1281,tcas,u-OODL,1,1,0.0,0.0,0.0,0.2,1.0,0.981818181818182,1.0,Assignment,0,0,0,1
1282,tcas,u-OODL,1,1,0.0,0.0,0.0,0.2,1.0,0.981818181818182,1.0,Assignment,0,0,0,1
1283,tcas,u-OODL,1,1,0.0,0.0,0.0,0.2,1.0,0.981818181818182,1.0,If,0,0,0,1
1284,tcas,u-OODL,1,1,0.0,0.0,0.0,0.2,1.0,0.981818181818182,1.0,If,1,0,0,1
1285,tcas,u-OODL,1,1,0.0,0.0,0.0,0.2,1.0,0.981818181818182,1.0,If,0,0,0,1
1286,tcas,u-OODL,1,1,0.0,0.0,0.0,0.2,1.0,0.981818181818182,1.0,If,0,0,0,1
1287,tcas,u-OODL,1,1,0.0,0.0,0.0,0.2,1.0,0.981818181818182,1.0,If,0,0,0,1
1288,tcas,u-OODL,1,1,0.0,0.0,0.0,0.2,1.0,0.981818181818182,1.0,If,0,0,0,1
1289,tcas,u-OODL,1,1,0.0,0.0,0.0,0.2,1.0,0.981818181818182,1.0,If,0,0,0,1
1290,tcas,u-OODL,1,1,0.25,0.125,0.1851851851851852,0.6,0.875,1.0,0.2589703588143526,Assignment,0,0,0,1
1291,tcas,u-OODL,1,1,0.25,0.125,0.1851851851851852,0.6,0.875,1.0,0.2589703588143526,Assignment,0,0,0,1
1292,tcas,u-OODL,1,1,0.25,0.125,0.1851851851851852,0.6,0.875,1.0,0.2589703588143526,Assignment,0,0,0,1
1293,tcas,u-OODL,1,1,0.25,0.125,0.1851851851851852,0.6,0.875,1.0,0.2589703588143526,Assignment,0,0,0,1
1294,tcas,u-OODL,1,1,0.25,0.125,0.1851851851851852,0.6,0.875,1.0,0.2589703588143526,If,0,0,0,1
1295,tcas,u-OODL,1,1,0.25,0.125,0.1851851851851852,0.6,0.875,1.0,0.2589703588143526,If,0,0,0,1
1296,tcas,u-ORAN,1,1,0.0,0.0,0.0,0.2,1.0,0.981818181818182,1.0,Assignment,0,0,0,1
1297,tcas,u-ORAN,1,1,0.0,0.0,0.0,0.2,1.0,0.981818181818182,1.0,Assignment,0,0,0,1
1298,tcas,u-ORAN,1,1,0.0,0.0,0.0,0.2,1.0,0.981818181818182,1.0,Assignment,0,0,0,1
1299,tcas,u-ORAN,1,1,0.0,0.0,0.0,0.2,1.0,0.981818181818182,1.0,Assignment,0,0,0,1
1300,tcas,u-ORAN,1,1,0.0,0.0,0.0,0.2,1.0,0.981818181818182,1.0,Assignment,0,0,0,1
1301,tcas,u-ORAN,1,1,0.0,0.0,0.0,0.2,1.0,0.981818181818182,1.0,Assignment,0,0,0,1
1302,tcas,u-ORAN,1,1,0.0,0.0,0.0,0.2,1.0,0.981818181818182,1.0,Assignment,0,1,0,0
1303,tcas,u-ORAN,1,1,0.0,0.0,0.0,0.2,1.0,0.981818181818182,1.0,Assignment,0,0,0,1
1304,tcas,u-ORAN,1,1,0.0,0.0,0.0,0.2,1.0,0.981818181818182,1.0,Assignment,0,1,0,0
1305,tcas,u-ORAN,1,1,0.0,0.0,0.0,0.2,1.0,0.981818181818182,1.0,Assignment,0,1,0,0
1306,tcas,u-ORAN,1,1,0.0,0.0,0.0,0.2,1.0,0.981818181818182,1.0,Assignment,0,0,0,1
1307,tcas,u-ORAN,1,1,0.0,0.0,0.0,0.2,1.0,0.981818181818182,1.0,Assignment,0,0,0,1
1308,tcas,u-ORAN,1,1,0.0,0.0,0.0,0.2,1.0,0.981818181818182,1.0,Assignment,0,0,0,1
1309,tcas,u-ORAN,1,1,0.0,0.0,0.0,0.2,1.0,0.981818181818182,1.0,Assignment,0,0,0,1
1310,tcas,u-ORAN,1,1,0.0,0.0,0.0,0.2,1.0,0.981818181818182,1.0,Assignment,0,0,0,1
1311,tcas,u-ORAN,1,1,0.0,0.0,0.0,0.2,1.0,0.981818181818182,1.0,Assignment,0,0,0,1
1312,tcas,u-ORAN,1,1,0.0,0.0,0.0,0.2,1.0,0.981818181818182,1.0,Assignment,0,0,0,1
1313,tcas,u-ORAN,1,1,0.0,0.0,0.0,0.2,1.0,0.981818181818182,1.0,Assignment,0,0,0,1
1314,tcas,u-ORAN,1,1,0.0,0.0,0.0,0.2,1.0,0.981818181818182,1.0,Assignment,0,0,0,1
1315,tcas,u-ORAN,1,1,0.0,0.0,0.0,0.2,1.0,0.981818181818182,1.0,Assignment,0,0,0,1
1316,tcas,u-ORBN,1,1,0.0,0.0,0.0,0.2,1.0,0.981818181818182,1.0,Assignment,0,0,0,1
1317,tcas,u-ORBN,1,1,0.0,0.0,0.0,0.2,1.0,0.981818181818182,1.0,Assignment,0,0,0,1
1318,tcas,u-ORBN,1,1,0.0,0.0,0.0,0.2,1.0,0.981818181818182,1.0,Assignment,0,0,0,1
1319,tcas,u-ORBN,1,1,0.0,0.0,0.0,0.2,1.0,0.981818181818182,1.0,Assignment,0,0,0,1
1320,tcas,u-ORBN,1,1,0.0,0.0,0.0,0.2,1.0,0.981818181818182,1.0,Assignment,0,0,0,1
1321,tcas,u-ORBN,1,1,0.0,0.0,0.0,0.2,1.0,0.981818181818182,1.0,Assignment,0,1,0,0
1322,tcas,u-ORBN,1,1,0.0,0.0,0.0,0.2,1.0,0.981818181818182,1.0,Assignment,0,0,0,1
1323,tcas,u-ORBN,1,1,0.0,0.0,0.0,0.2,1.0,0.981818181818182,1.0,Assignment,0,1,0,0
1324,tcas,u-ORBN,1,1,0.0,0.0,0.0,0.2,1.0,0.981818181818182,1.0,Assignment,0,0,0,1
1325,tcas,u-ORBN,1,1,0.0,0.0,0.0,0.2,1.0,0.981818181818182,1.0,Assignment,0,0,0,1
1326,tcas,u-ORBN,1,1,0.0,0.0,0.0,0.2,1.0,0.981818181818182,1.0,Assignment,0,0,0,1
1327,tcas,u-ORBN,1,1,0.0,0.0,0.0,0.2,1.0,0.981818181818182,1.0,Assignment,0,0,0,1
1328,tcas,u-ORLN,1,1,0.0,0.0,0.0,0.2,1.0,0.981818181818182,1.0,Assignment,0,0,0,1
1329,tcas,u-ORLN,1,1,0.0,0.0,0.0,0.2,1.0,0.981818181818182,1.0,Assignment,0,0,0,1
1330,tcas,u-ORLN,1,1,0.0,0.0,0.0,0.2,1.0,0.981818181818182,1.0,Assignment,0,0,0,1
1331,tcas,u-ORLN,1,1,0.0,0.0,0.0,0.2,1.0,0.981818181818182,1.0,Assignment,0,0,0,1
1332,tcas,u-ORLN,1,1,0.0,0.0,0.0,0.2,1.0,0.981818181818182,1.0,Assignment,0,0,0,1
1333,tcas,u-ORLN,1,1,0.0,0.0,0.0,0.2,1.0,0.981818181818182,1.0,Assignment,0,0,0,1
1334,tcas,u-ORLN,1,1,0.0,0.0,0.0,0.2,1.0,0.981818181818182,1.0,Assignment,0,0,0,1
1335,tcas,u-ORLN,1,1,0.0,0.0,0.0,0.2,1.0,0.981818181818182,1.0,Assignment,0,0,0,1
1336,tcas,u-ORRN,1,1,0.0,0.0,0.0,0.2,1.0,0.981818181818182,1.0,Assignment,0,1,0,0
1337,tcas,u-ORRN,1,1,0.0,0.0,0.0,0.2,1.0,0.981818181818182,1.0,Assignment,0,0,0,1
1338,tcas,u-ORRN,1,1,0.0,0.0,0.0,0.2,1.0,0.981818181818182,1.0,Assignment,0,0,0,1
1339,tcas,u-ORRN,1,1,0.0,0.0,0.0,0.2,1.0,0.981818181818182,1.0,Assignment,0,0,0,1
1340,tcas,u-ORRN,1,1,0.0,0.0,0.0,0.2,1.0,0.981818181818182,1.0,Assignment,0,0,0,1
1341,tcas,u-ORRN,1,1,0.0,0.0,0.0,0.2,1.0,0.981818181818182,1.0,Assignment,0,0,0,1
1342,tcas,u-ORRN,1,1,0.0,0.0,0.0,0.2,1.0,0.981818181818182,1.0,Assignment,0,0,0,1
1343,tcas,u-ORRN,1,1,0.0,0.0,0.0,0.2,1.0,0.981818181818182,1.0,Assignment,0,1,0,0
1344,tcas,u-ORRN,1,1,0.0,0.0,0.0,0.2,1.0,0.981818181818182,1.0,Assignment,0,0,0,1
1345,tcas,u-ORRN,1,1,0.0,0.0,0.0,0.2,1.0,0.981818181818182,1.0,Assignment,0,1,0,0
1346,tcas,u-ORRN,1,1,0.0,0.0,0.0,0.2,1.0,0.981818181818182,1.0,Assignment,0,0,0,1
1347,tcas,u-ORRN,1,1,0.0,0.0,0.0,0.2,1.0,0.981818181818182,1.0,Assignment,0,0,0,1
1348,tcas,u-ORRN,1,1,0.0,0.0,0.0,0.2,1.0,0.981818181818182,1.0,Assignment,0,0,0,1
1349,tcas,u-ORRN,1,1,0.0,0.0,0.0,0.2,1.0,0.981818181818182,1.0,Assignment,0,0,0,1
1350,tcas,u-ORRN,1,1,0.0,0.0,0.0,0.2,1.0,0.981818181818182,1.0,Assignment,0,0,0,1
1351,tcas,u-ORRN,1,1,0.0,0.0,0.0,0.2,1.0,0.981818181818182,1.0,Assignment,0,0,0,1
1352,tcas,u-ORRN,1,1,0.0,0.0,0.0,0.2,1.0,0.981818181818182,1.0,Assignment,0,0,0,1
1353,tcas,u-ORRN,1,1,0.0,0.0,0.0,0.2,1.0,0.981818181818182,1.0,Assignment,0,1,0,0
1354,tcas,u-ORRN,1,1,0.0,0.0,0.0,0.2,1.0,0.981818181818182,1.0,Assignment,0,1,0,0
1355,tcas,u-ORRN,1,1,0.0,0.0,0.0,0.2,1.0,0.981818181818182,1.0,Assignment,0,0,0,1
1356,tcas,u-ORSN,1,1,0.0,0.0,0.0,0.2,1.0,0.981818181818182,1.0,Assignment,0,0,0,1
1357,tcas,u-ORSN,1,1,0.0,0.0,0.0,0.2,1.0,0.981818181818182,1.0,Assignment,0,0,0,1
1358,tcas,u-ORSN,1,1,0.0,0.0,0.0,0.2,1.0,0.981818181818182,1.0,Assignment,0,0,0,1
1359,tcas,u-ORSN,1,1,0.0,0.0,0.0,0.2,1.0,0.981818181818182,1.0,Assignment,0,0,0,1
1360,tcas,u-ORSN,1,1,0.0,0.0,0.0,0.2,1.0,0.981818181818182,1.0,Assignment,0,0,0,1
1361,tcas,u-ORSN,1,1,0.0,0.0,0.0,0.2,1.0,0.981818181818182,1.0,Assignment,0,0,0,1
1362,tcas,u-ORSN,1,1,0.0,0.0,0.0,0.2,1.0,0.981818181818182,1.0,Assignment,0,0,0,1
1363,tcas,u-ORSN,1,1,0.0,0.0,0.0,0.2,1.0,0.981818181818182,1.0,Assignment,0,0,0,1
1364,tcas,u-SRSR,1,1,0.0,0.0,0.0,0.2,1.0,0.981818181818182,1.0,Assignment,0,0,0,1
1365,tcas,u-SRSR,1,1,0.0,0.0,0.0,0.2,1.0,0.981818181818182,1.0,Assignment,0,0,0,1
1366,tcas,u-SRSR,1,1,0.0,0.0,0.0,0.2,1.0,0.981818181818182,1.0,Assignment,0,0,0,1
1367,tcas,u-SRSR,1,1,0.0,0.0,0.0,0.2,1.0,0.981818181818182,1.0,Assignment,0,0,0,1
1368,tcas,u-SRSR,1,1,0.25,0.125,0.1851851851851852,0.6,0.875,1.0,0.2589703588143526,Assignment,0,0,0,1
1369,tcas,u-SRSR,1,1,0.25,0.125,0.1851851851851852,0.6,0.875,1.0,0.2589703588143526,Assignment,0,0,0,1
1370,tcas,u-SRSR,0,1,0.5,0.25,0.3703703703703704,0.4,0.25,0.3636363636363637,0.0,Assignment,1,0,0,1
1371,tcas,u-SRSR,0,1,0.75,0.375,0.5555555555555555,0.6,0.375,0.5454545454545454,0.0,Assignment,0,0,1,0
1372,tcas,u-SRSR,0,1,1.0,0.5,0.7407407407407407,0.8,0.5,0.7272727272727273,0.0,Assignment,0,0,0,1
1373,tcas,u-SRSR,0,1,1.0,0.5,0.7407407407407407,0.8,0.5,0.7272727272727273,0.0,Assignment,1,0,0,1
1374,tcas,u-SRSR,1,0,0.75,0.375,0.5555555555555555,1.0,0.625,0.9090909090909092,0.0062402496099844,Block,0,0,0,1
1375,tcas,u-SRSR,1,0,0.5,0.25,0.3703703703703704,0.8,0.75,0.9696969696969696,0.0062402496099844,Block,0,0,0,1
1376,tcas,u-SRSR,1,1,0.25,0.125,0.1851851851851852,0.6,0.875,1.0,0.2589703588143526,Block,0,0,0,1
1377,tcas,u-SRSR,1,1,0.25,0.125,0.1851851851851852,0.6,0.875,1.0,0.2589703588143526,Block,0,0,0,1
1378,tcas,u-SRSR,1,1,0.0,0.0,0.0,0.2,1.0,0.981818181818182,1.0,Block,0,0,0,1
1379,tcas,u-SSDL,1,1,0.0,0.0,0.0,0.2,1.0,0.981818181818182,1.0,Assignment,0,0,0,1
1380,tcas,u-SSDL,1,1,0.0,0.0,0.0,0.2,1.0,0.981818181818182,1.0,Assignment,0,0,0,1
1381,tcas,u-SSDL,1,1,0.0,0.0,0.0,0.2,1.0,0.981818181818182,1.0,Assignment,0,0,0,1
1382,tcas,u-SSDL,1,1,0.0,0.0,0.0,0.2,1.0,0.981818181818182,1.0,Assignment,1,0,0,1
1383,tcas,u-SSDL,1,1,0.25,0.125,0.1851851851851852,0.6,0.875,1.0,0.2589703588143526,Assignment,0,0,0,1
1384,tcas,u-SSDL,1,1,0.25,0.125,0.1851851851851852,0.6,0.875,1.0,0.2589703588143526,Assignment,0,0,0,1
1385,tcas,u-SSDL,0,1,0.5,0.25,0.3703703703703704,0.4,0.25,0.3636363636363637,0.0,Assignment,1,0,0,1
1386,tcas,u-SSDL,0,1,0.75,0.375,0.5555555555555555,0.6,0.375,0.5454545454545454,0.0,Assignment,0,0,0,1
1387,tcas,u-SSDL,0,1,1.0,0.5,0.7407407407407407,0.8,0.5,0.7272727272727273,0.0,Assignment,0,0,0,1
1388,tcas,u-SSDL,0,1,1.0,0.5,0.7407407407407407,0.8,0.5,0.7272727272727273,0.0,Assignment,1,0,0,1
1389,tcas,u-SSDL,1,0,0.75,0.375,0.5555555555555555,1.0,0.625,0.9090909090909092,0.0062402496099844,Block,0,0,0,1
1390,tcas,u-SSDL,1,0,0.5,0.25,0.3703703703703704,0.8,0.75,0.9696969696969696,0.0062402496099844,Block,0,0,0,1
1391,tcas,u-SSDL,1,1,0.25,0.125,0.1851851851851852,0.6,0.875,1.0,0.2589703588143526,Block,0,0,0,1
1392,tcas,u-SSDL,1,1,0.25,0.125,0.1851851851851852,0.6,0.875,1.0,0.2589703588143526,Block,0,0,0,1
1393,tcas,u-SSDL,1,1,0.0,0.0,0.0,0.2,1.0,0.981818181818182,1.0,Block,0,0,0,1
1394,tcas,u-SSDL,0,1,0.25,1.0,1.0,0.0,0.0,0.0,0.0,Return,0,0,0,1
1395,tcas,u-SSDL,1,1,0.0,0.0,0.0,0.2,1.0,0.981818181818182,1.0,Block,0,0,0,1
1396,tcas,u-STRI,1,1,0.0,0.0,0.0,0.2,1.0,0.981818181818182,1.0,If,0,0,0,1
1397,tcas,u-STRI,1,1,0.0,0.0,0.0,0.2,1.0,0.981818181818182,1.0,If,0,0,0,1
1398,tcas,u-STRI,1,1,0.25,0.125,0.1851851851851852,0.6,0.875,1.0,0.2589703588143526,If,1,0,0,1
1399,tcas,u-STRI,1,1,0.25,0.125,0.1851851851851852,0.6,0.875,1.0,0.2589703588143526,If,0,0,1,0
1400,tcas,u-STRI,1,0,0.5,0.25,0.3703703703703704,0.8,0.75,0.9696969696969696,0.0062402496099844,If,0,0,1,0
1401,tcas,u-STRI,1,0,0.5,0.25,0.3703703703703704,0.8,0.75,0.9696969696969696,0.0062402496099844,If,0,0,1,0
1402,tcas,u-STRI,1,0,0.75,0.375,0.5555555555555555,1.0,0.625,0.9090909090909092,0.0062402496099844,If,0,0,1,0
1403,tcas,u-STRI,1,0,0.75,0.375,0.5555555555555555,1.0,0.625,0.9090909090909092,0.0062402496099844,If,0,0,1,0
1404,tcas,u-STRP,1,1,0.0,0.0,0.0,0.2,1.0,0.981818181818182,1.0,Assignment,0,0,0,1
1405,tcas,u-STRP,1,1,0.0,0.0,0.0,0.2,1.0,0.981818181818182,1.0,Assignment,0,0,0,1
1406,tcas,u-STRP,1,1,0.0,0.0,0.0,0.2,1.0,0.981818181818182,1.0,Assignment,0,0,0,1
1407,tcas,u-STRP,1,1,0.0,0.0,0.0,0.2,1.0,0.981818181818182,1.0,Assignment,0,0,0,1
1408,tcas,u-STRP,1,1,0.25,0.125,0.1851851851851852,0.6,0.875,1.0,0.2589703588143526,Assignment,0,0,0,1
1409,tcas,u-STRP,1,1,0.25,0.125,0.1851851851851852,0.6,0.875,1.0,0.2589703588143526,Assignment,0,0,0,1
1410,tcas,u-STRP,0,1,0.5,0.25,0.3703703703703704,0.4,0.25,0.3636363636363637,0.0,Assignment,1,0,0,1
1411,tcas,u-STRP,0,1,0.75,0.375,0.5555555555555555,0.6,0.375,0.5454545454545454,0.0,Assignment,0,0,0,1
1412,tcas,u-STRP,0,1,1.0,0.5,0.7407407407407407,0.8,0.5,0.7272727272727273,0.0,Assignment,0,0,0,1
1413,tcas,u-STRP,0,1,1.0,0.5,0.7407407407407407,0.8,0.5,0.7272727272727273,0.0,Assignment,0,0,0,1
1414,tcas,u-STRP,1,0,0.75,0.375,0.5555555555555555,1.0,0.625,0.9090909090909092,0.0062402496099844,Block,0,0,0,1
1415,tcas,u-STRP,1,0,0.5,0.25,0.3703703703703704,0.8,0.75,0.9696969696969696,0.0062402496099844,Block,0,0,0,1
1416,tcas,u-STRP,1,1,0.25,0.125,0.1851851851851852,0.6,0.875,1.0,0.2589703588143526,Block,0,0,0,1
1417,tcas,u-STRP,1,1,0.25,0.125,0.1851851851851852,0.6,0.875,1.0,0.2589703588143526,Block,0,0,0,1
1418,tcas,u-STRP,1,1,0.0,0.0,0.0,0.2,1.0,0.981818181818182,1.0,Block,0,0,0,1
1419,tcas,u-STRP,0,1,0.25,1.0,1.0,0.0,0.0,0.0,0.0,Return,0,0,0,1
1420,tcas,u-STRP,1,1,0.0,0.0,0.0,0.2,1.0,0.981818181818182,1.0,Block,0,0,0,1
1421,tcas,u-VDTR,1,1,0.0,0.0,0.0,0.2,1.0,0.981818181818182,1.0,Assignment,0,0,0,1
1422,tcas,u-VDTR,1,1,0.0,0.0,0.0,0.2,1.0,0.981818181818182,1.0,Assignment,0,0,0,1
1423,tcas,u-VDTR,1,1,0.0,0.0,0.0,0.2,1.0,0.981818181818182,1.0,Assignment,0,0,0,1
1424,tcas,u-VDTR,1,1,0.0,0.0,0.0,0.2,1.0,0.981818181818182,1.0,Assignment,0,0,0,1
1425,tcas,u-VDTR,1,1,0.0,0.0,0.0,0.2,1.0,0.981818181818182,1.0,Assignment,0,0,0,1
1426,tcas,u-VDTR,1,1,0.0,0.0,0.0,0.2,1.0,0.981818181818182,1.0,Assignment,0,0,0,1
1427,tcas,u-VDTR,1,1,0.0,0.0,0.0,0.2,1.0,0.981818181818182,1.0,Assignment,0,0,0,1
1428,tcas,u-VDTR,1,1,0.0,0.0,0.0,0.2,1.0,0.981818181818182,1.0,Assignment,0,1,0,0
1429,tcas,u-VDTR,1,1,0.0,0.0,0.0,0.2,1.0,0.981818181818182,1.0,Assignment,1,0,0,1
1430,tcas,u-VDTR,1,1,0.0,0.0,0.0,0.2,1.0,0.981818181818182,1.0,Assignment,0,0,0,1
1431,tcas,u-VDTR,1,1,0.0,0.0,0.0,0.2,1.0,0.981818181818182,1.0,Assignment,0,1,0,0
1432,tcas,u-VDTR,1,1,0.0,0.0,0.0,0.2,1.0,0.981818181818182,1.0,Assignment,0,0,0,1
1433,tcas,u-VDTR,1,1,0.0,0.0,0.0,0.2,1.0,0.981818181818182,1.0,Assignment,0,0,0,1
1434,tcas,u-VDTR,1,1,0.0,0.0,0.0,0.2,1.0,0.981818181818182,1.0,Assignment,0,0,0,1
1435,tcas,u-VDTR,1,1,0.0,0.0,0.0,0.2,1.0,0.981818181818182,1.0,Assignment,0,0,0,1
1436,tcas,u-VDTR,1,1,0.0,0.0,0.0,0.2,1.0,0.981818181818182,1.0,Assignment,0,0,0,1
1437,tcas,u-VDTR,1,1,0.0,0.0,0.0,0.2,1.0,0.981818181818182,1.0,Assignment,0,0,0,1
1438,tcas,u-VDTR,1,1,0.0,0.0,0.0,0.2,1.0,0.981818181818182,1.0,Assignment,0,0,0,1
1439,tcas,u-VDTR,1,1,0.0,0.0,0.0,0.2,1.0,0.981818181818182,1.0,If,0,0,0,1
1440,tcas,u-VDTR,1,1,0.0,0.0,0.0,0.2,1.0,0.981818181818182,1.0,If,1,0,0,1
1441,tcas,u-VDTR,1,1,0.0,0.0,0.0,0.2,1.0,0.981818181818182,1.0,If,0,0,0,1
1442,tcas,u-VDTR,1,1,0.0,0.0,0.0,0.2,1.0,0.981818181818182,1.0,If,0,0,0,1
1443,tcas,u-VDTR,1,1,0.0,0.0,0.0,0.2,1.0,0.981818181818182,1.0,If,1,0,0,1
1444,tcas,u-VDTR,1,1,0.0,0.0,0.0,0.2,1.0,0.981818181818182,1.0,If,0,0,0,1
1445,tcas,u-VDTR,1,1,0.0,0.0,0.0,0.2,1.0,0.981818181818182,1.0,If,0,0,0,1
1446,tcas,u-VDTR,1,1,0.0,0.0,0.0,0.2,1.0,0.981818181818182,1.0,If,1,0,0,1
1447,tcas,u-VDTR,1,1,0.0,0.0,0.0,0.2,1.0,0.981818181818182,1.0,If,0,0,0,1
1448,tcas,u-VDTR,1,1,0.0,0.0,0.0,0.2,1.0,0.981818181818182,1.0,If,0,0,0,1
1449,tcas,u-VDTR,1,1,0.0,0.0,0.0,0.2,1.0,0.981818181818182,1.0,If,1,0,0,1
1450,tcas,u-VDTR,1,1,0.0,0.0,0.0,0.2,1.0,0.981818181818182,1.0,If,0,0,0,1
1451,tcas,u-VDTR,1,1,0.25,0.125,0.1851851851851852,0.6,0.875,1.0,0.2589703588143526,If,0,0,0,1
1452,tcas,u-VDTR,1,1,0.25,0.125,0.1851851851851852,0.6,0.875,1.0,0.2589703588143526,If,1,0,0,1
1453,tcas,u-VDTR,1,1,0.25,0.125,0.1851851851851852,0.6,0.875,1.0,0.2589703588143526,If,0,0,0,1
1454,tcas,u-VDTR,1,1,0.25,0.125,0.1851851851851852,0.6,0.875,1.0,0.2589703588143526,If,1,0,0,1
1455,tcas,u-VDTR,1,1,0.25,0.125,0.1851851851851852,0.6,0.875,1.0,0.2589703588143526,If,1,0,0,1
1456,tcas,u-VDTR,1,1,0.25,0.125,0.1851851851851852,0.6,0.875,1.0,0.2589703588143526,If,0,0,0,1
1457,tcas,u-VDTR,1,0,0.5,0.25,0.3703703703703704,0.8,0.75,0.9696969696969696,0.0062402496099844,If,0,0,0,1
1458,tcas,u-VDTR,1,0,0.5,0.25,0.3703703703703704,0.8,0.75,0.9696969696969696,0.0062402496099844,If,1,0,0,1
1459,tcas,u-VDTR,1,0,0.5,0.25,0.3703703703703704,0.8,0.75,0.9696969696969696,0.0062402496099844,If,0,0,0,1
1460,tcas,u-VDTR,1,0,0.75,0.375,0.5555555555555555,1.0,0.625,0.9090909090909092,0.0062402496099844,If,0,0,0,1
1461,tcas,u-VDTR,1,0,0.75,0.375,0.5555555555555555,1.0,0.625,0.9090909090909092,0.0062402496099844,If,1,0,0,1
1462,tcas,u-VDTR,1,0,0.75,0.375,0.5555555555555555,1.0,0.625,0.9090909090909092,0.0062402496099844,If,0,0,0,1
1463,tcas,u-VDTR,0,1,0.25,1.0,1.0,0.0,0.0,0.0,0.0,Return,0,0,0,1
1464,tcas,u-VDTR,0,1,0.25,1.0,1.0,0.0,0.0,0.0,0.0,Return,1,0,0,1
1465,tcas,u-VDTR,0,1,0.25,1.0,1.0,0.0,0.0,0.0,0.0,Return,0,0,0,1
1466,tcas,u-VGSR,1,1,0.0,0.0,0.0,0.2,1.0,0.981818181818182,1.0,Assignment,0,0,0,1
1467,tcas,u-VGSR,1,1,0.0,0.0,0.0,0.2,1.0,0.981818181818182,1.0,Assignment,0,0,0,1
1468,tcas,u-VGSR,1,1,0.0,0.0,0.0,0.2,1.0,0.981818181818182,1.0,Assignment,0,0,0,1
1469,tcas,u-VGSR,1,1,0.0,0.0,0.0,0.2,1.0,0.981818181818182,1.0,Assignment,0,0,0,1
1470,tcas,u-VGSR,1,1,0.0,0.0,0.0,0.2,1.0,0.981818181818182,1.0,Assignment,0,0,0,1
1471,tcas,u-VGSR,1,1,0.0,0.0,0.0,0.2,1.0,0.981818181818182,1.0,Assignment,0,0,0,1
1472,tcas,u-VGSR,1,1,0.0,0.0,0.0,0.2,1.0,0.981818181818182,1.0,Assignment,0,0,0,1
1473,tcas,u-VGSR,1,1,0.0,0.0,0.0,0.2,1.0,0.981818181818182,1.0,Assignment,0,0,0,1
1474,tcas,u-VGSR,1,1,0.0,0.0,0.0,0.2,1.0,0.981818181818182,1.0,Assignment,0,0,0,1
1475,tcas,u-VGSR,1,1,0.0,0.0,0.0,0.2,1.0,0.981818181818182,1.0,Assignment,0,0,0,1
1476,tcas,u-VGSR,1,1,0.0,0.0,0.0,0.2,1.0,0.981818181818182,1.0,Assignment,0,0,0,1
1477,tcas,u-VGSR,1,1,0.0,0.0,0.0,0.2,1.0,0.981818181818182,1.0,Assignment,0,0,0,1
1478,tcas,u-VGSR,1,1,0.0,0.0,0.0,0.2,1.0,0.981818181818182,1.0,Assignment,0,1,0,0
1479,tcas,u-VGSR,1,1,0.0,0.0,0.0,0.2,1.0,0.981818181818182,1.0,Assignment,0,0,0,1
1480,tcas,u-VGSR,1,1,0.0,0.0,0.0,0.2,1.0,0.981818181818182,1.0,Assignment,0,0,0,1
1481,tcas,u-VGSR,1,1,0.0,0.0,0.0,0.2,1.0,0.981818181818182,1.0,Assignment,0,0,0,1
1482,tcas,u-VGSR,1,1,0.0,0.0,0.0,0.2,1.0,0.981818181818182,1.0,Assignment,0,0,0,1
1483,tcas,u-VGSR,1,1,0.0,0.0,0.0,0.2,1.0,0.981818181818182,1.0,Assignment,0,1,0,0
1484,tcas,u-VGSR,1,1,0.0,0.0,0.0,0.2,1.0,0.981818181818182,1.0,Assignment,0,0,0,1
1485,tcas,u-VGSR,1,1,0.0,0.0,0.0,0.2,1.0,0.981818181818182,1.0,Assignment,0,0,0,1
1486,tcas,u-VGSR,1,1,0.0,0.0,0.0,0.2,1.0,0.981818181818182,1.0,Assignment,0,0,0,1
1487,tcas,u-VGSR,1,1,0.0,0.0,0.0,0.2,1.0,0.981818181818182,1.0,Assignment,0,0,0,1
1488,tcas,u-VGSR,1,1,0.0,0.0,0.0,0.2,1.0,0.981818181818182,1.0,Assignment,0,1,0,0
1489,tcas,u-VGSR,1,1,0.0,0.0,0.0,0.2,1.0,0.981818181818182,1.0,Assignment,0,0,0,1
1490,tcas,u-VGSR,1,1,0.0,0.0,0.0,0.2,1.0,0.981818181818182,1.0,Assignment,0,0,0,1
1491,tcas,u-VGSR,1,1,0.0,0.0,0.0,0.2,1.0,0.981818181818182,1.0,Assignment,0,0,0,1
1492,tcas,u-VGSR,1,1,0.0,0.0,0.0,0.2,1.0,0.981818181818182,1.0,Assignment,0,0,0,1
1493,tcas,u-VGSR,1,1,0.0,0.0,0.0,0.2,1.0,0.981818181818182,1.0,Assignment,0,0,0,1
1494,tcas,u-VGSR,1,1,0.0,0.0,0.0,0.2,1.0,0.981818181818182,1.0,Assignment,0,0,0,1
1495,tcas,u-VGSR,1,1,0.0,0.0,0.0,0.2,1.0,0.981818181818182,1.0,Assignment,0,0,0,1
1496,tcas,u-VGSR,1,1,0.0,0.0,0.0,0.2,1.0,0.981818181818182,1.0,Assignment,0,0,0,1
1497,tcas,u-VGSR,1,1,0.0,0.0,0.0,0.2,1.0,0.981818181818182,1.0,Assignment,0,0,0,1
1498,tcas,u-VGSR,1,1,0.0,0.0,0.0,0.2,1.0,0.981818181818182,1.0,Assignment,0,0,0,1
1499,tcas,u-VGSR,1,1,0.0,0.0,0.0,0.2,1.0,0.981818181818182,1.0,Assignment,0,0,0,1
1500,tcas,u-VGSR,1,1,0.0,0.0,0.0,0.2,1.0,0.981818181818182,1.0,Assignment,0,0,0,1
1501,tcas,u-VGSR,1,1,0.0,0.0,0.0,0.2,1.0,0.981818181818182,1.0,Assignment,0,0,0,1
1502,tcas,u-VGSR,1,1,0.0,0.0,0.0,0.2,1.0,0.981818181818182,1.0,Assignment,0,0,0,1
1503,tcas,u-VGSR,1,1,0.0,0.0,0.0,0.2,1.0,0.981818181818182,1.0,Assignment,0,0,0,1
1504,tcas,u-VGSR,1,1,0.0,0.0,0.0,0.2,1.0,0.981818181818182,1.0,Assignment,0,0,0,1
1505,tcas,u-VGSR,1,1,0.0,0.0,0.0,0.2,1.0,0.981818181818182,1.0,Assignment,0,0,0,1
1506,tcas,u-VGSR,1,1,0.0,0.0,0.0,0.2,1.0,0.981818181818182,1.0,Assignment,0,0,0,1
1507,tcas,u-VGSR,1,1,0.0,0.0,0.0,0.2,1.0,0.981818181818182,1.0,Assignment,0,0,0,1
1508,tcas,u-VGSR,1,1,0.0,0.0,0.0,0.2,1.0,0.981818181818182,1.0,Assignment,0,0,0,1
1509,tcas,u-VGSR,1,1,0.0,0.0,0.0,0.2,1.0,0.981818181818182,1.0,Assignment,0,0,0,1
1510,tcas,u-VGSR,1,1,0.0,0.0,0.0,0.2,1.0,0.981818181818182,1.0,Assignment,0,0,0,1
1511,tcas,u-VGSR,1,1,0.0,0.0,0.0,0.2,1.0,0.981818181818182,1.0,Assignment,0,0,0,1
1512,tcas,u-VGSR,1,1,0.0,0.0,0.0,0.2,1.0,0.981818181818182,1.0,Assignment,0,0,0,1
1513,tcas,u-VGSR,1,1,0.0,0.0,0.0,0.2,1.0,0.981818181818182,1.0,Assignment,0,0,0,1
1514,tcas,u-VGSR,1,1,0.0,0.0,0.0,0.2,1.0,0.981818181818182,1.0,Assignment,0,0,0,1
1515,tcas,u-VGSR,1,1,0.0,0.0,0.0,0.2,1.0,0.981818181818182,1.0,Assignment,0,0,0,1
1516,tcas,u-VGSR,1,1,0.0,0.0,0.0,0.2,1.0,0.981818181818182,1.0,Assignment,0,0,0,1
1517,tcas,u-VGSR,1,1,0.0,0.0,0.0,0.2,1.0,0.981818181818182,1.0,Assignment,0,0,0,1
1518,tcas,u-VGSR,1,1,0.0,0.0,0.0,0.2,1.0,0.981818181818182,1.0,Assignment,0,0,0,1
1519,tcas,u-VGSR,1,1,0.0,0.0,0.0,0.2,1.0,0.981818181818182,1.0,Assignment,0,0,0,1
1520,tcas,u-VGSR,1,1,0.0,0.0,0.0,0.2,1.0,0.981818181818182,1.0,Assignment,0,0,0,1
1521,tcas,u-VGSR,1,1,0.0,0.0,0.0,0.2,1.0,0.981818181818182,1.0,Assignment,0,0,0,1
1522,tcas,u-VGSR,1,1,0.0,0.0,0.0,0.2,1.0,0.981818181818182,1.0,Assignment,0,0,0,1
1523,tcas,u-VGSR,1,1,0.0,0.0,0.0,0.2,1.0,0.981818181818182,1.0,Assignment,0,0,0,1
1524,tcas,u-VGSR,1,1,0.0,0.0,0.0,0.2,1.0,0.981818181818182,1.0,Assignment,0,0,0,1
1525,tcas,u-VGSR,1,1,0.0,0.0,0.0,0.2,1.0,0.981818181818182,1.0,Assignment,0,0,0,1
1526,tcas,u-VGSR,1,1,0.0,0.0,0.0,0.2,1.0,0.981818181818182,1.0,Assignment,0,0,0,1
1527,tcas,u-VGSR,1,1,0.0,0.0,0.0,0.2,1.0,0.981818181818182,1.0,Assignment,0,0,0,1
1528,tcas,u-VGSR,1,1,0.0,0.0,0.0,0.2,1.0,0.981818181818182,1.0,Assignment,0,0,0,1
1529,tcas,u-VGSR,1,1,0.0,0.0,0.0,0.2,1.0,0.981818181818182,1.0,Assignment,0,0,0,1
1530,tcas,u-VGSR,1,1,0.0,0.0,0.0,0.2,1.0,0.981818181818182,1.0,Assignment,0,0,0,1
1531,tcas,u-VGSR,1,1,0.0,0.0,0.0,0.2,1.0,0.981818181818182,1.0,Assignment,0,0,0,1
1532,tcas,u-VGSR,1,1,0.0,0.0,0.0,0.2,1.0,0.981818181818182,1.0,Assignment,0,0,0,1
1533,tcas,u-VGSR,1,1,0.0,0.0,0.0,0.2,1.0,0.981818181818182,1.0,Assignment,0,0,0,1
1534,tcas,u-VGSR,1,1,0.0,0.0,0.0,0.2,1.0,0.981818181818182,1.0,Assignment,0,0,0,1
1535,tcas,u-VGSR,1,1,0.0,0.0,0.0,0.2,1.0,0.981818181818182,1.0,Assignment,0,0,0,1
1536,tcas,u-VGSR,1,1,0.0,0.0,0.0,0.2,1.0,0.981818181818182,1.0,Assignment,0,0,0,1
1537,tcas,u-VGSR,1,1,0.0,0.0,0.0,0.2,1.0,0.981818181818182,1.0,Assignment,0,0,0,1
1538,tcas,u-VGSR,1,1,0.0,0.0,0.0,0.2,1.0,0.981818181818182,1.0,Assignment,0,0,0,1
1539,tcas,u-VGSR,1,1,0.0,0.0,0.0,0.2,1.0,0.981818181818182,1.0,Assignment,0,0,0,1
1540,tcas,u-VGSR,1,1,0.0,0.0,0.0,0.2,1.0,0.981818181818182,1.0,Assignment,0,0,0,1
1541,tcas,u-VGSR,1,1,0.0,0.0,0.0,0.2,1.0,0.981818181818182,1.0,Assignment,0,0,0,1
1542,tcas,u-VGSR,1,1,0.0,0.0,0.0,0.2,1.0,0.981818181818182,1.0,Assignment,0,0,0,1
1543,tcas,u-VGSR,1,1,0.0,0.0,0.0,0.2,1.0,0.981818181818182,1.0,Assignment,0,0,0,1
1544,tcas,u-VGSR,1,1,0.0,0.0,0.0,0.2,1.0,0.981818181818182,1.0,Assignment,0,0,0,1
1545,tcas,u-VGSR,1,1,0.0,0.0,0.0,0.2,1.0,0.981818181818182,1.0,Assignment,0,0,0,1
1546,tcas,u-VGSR,1,1,0.0,0.0,0.0,0.2,1.0,0.981818181818182,1.0,Assignment,0,0,0,1
1547,tcas,u-VGSR,1,1,0.0,0.0,0.0,0.2,1.0,0.981818181818182,1.0,Assignment,0,1,0,0
1548,tcas,u-VGSR,1,1,0.0,0.0,0.0,0.2,1.0,0.981818181818182,1.0,Assignment,0,0,0,1
1549,tcas,u-VGSR,1,1,0.0,0.0,0.0,0.2,1.0,0.981818181818182,1.0,Assignment,0,0,0,1
1550,tcas,u-VGSR,1,1,0.0,0.0,0.0,0.2,1.0,0.981818181818182,1.0,Assignment,0,0,0,1
1551,tcas,u-VGSR,1,1,0.0,0.0,0.0,0.2,1.0,0.981818181818182,1.0,Assignment,0,0,0,1
1552,tcas,u-VGSR,1,1,0.0,0.0,0.0,0.2,1.0,0.981818181818182,1.0,Assignment,0,0,0,1
1553,tcas,u-VGSR,1,1,0.0,0.0,0.0,0.2,1.0,0.981818181818182,1.0,Assignment,0,0,0,1
1554,tcas,u-VGSR,1,1,0.0,0.0,0.0,0.2,1.0,0.981818181818182,1.0,Assignment,0,0,0,1
1555,tcas,u-VGSR,1,1,0.0,0.0,0.0,0.2,1.0,0.981818181818182,1.0,Assignment,0,0,0,1
1556,tcas,u-VGSR,1,1,0.0,0.0,0.0,0.2,1.0,0.981818181818182,1.0,Assignment,0,0,0,1
1557,tcas,u-VGSR,1,1,0.0,0.0,0.0,0.2,1.0,0.981818181818182,1.0,Assignment,0,0,0,1
1558,tcas,u-VGSR,1,1,0.0,0.0,0.0,0.2,1.0,0.981818181818182,1.0,Assignment,0,0,0,1
1559,tcas,u-VGSR,1,1,0.0,0.0,0.0,0.2,1.0,0.981818181818182,1.0,Assignment,0,0,0,1
1560,tcas,u-VGSR,1,1,0.0,0.0,0.0,0.2,1.0,0.981818181818182,1.0,Assignment,0,0,0,1
1561,tcas,u-VGSR,1,1,0.0,0.0,0.0,0.2,1.0,0.981818181818182,1.0,Assignment,0,0,0,1
1562,tcas,u-VGSR,1,1,0.0,0.0,0.0,0.2,1.0,0.981818181818182,1.0,Assignment,0,0,0,1
1563,tcas,u-VGSR,1,1,0.0,0.0,0.0,0.2,1.0,0.981818181818182,1.0,Assignment,0,0,0,1
1564,tcas,u-VGSR,1,1,0.0,0.0,0.0,0.2,1.0,0.981818181818182,1.0,Assignment,0,0,0,1
1565,tcas,u-VGSR,1,1,0.0,0.0,0.0,0.2,1.0,0.981818181818182,1.0,Assignment,0,0,0,1
1566,tcas,u-VGSR,1,1,0.0,0.0,0.0,0.2,1.0,0.981818181818182,1.0,Assignment,0,0,0,1
1567,tcas,u-VGSR,1,1,0.0,0.0,0.0,0.2,1.0,0.981818181818182,1.0,Assignment,0,0,0,1
1568,tcas,u-VGSR,1,1,0.0,0.0,0.0,0.2,1.0,0.981818181818182,1.0,Assignment,1,0,0,1
1569,tcas,u-VGSR,1,1,0.0,0.0,0.0,0.2,1.0,0.981818181818182,1.0,Assignment,0,0,0,1
1570,tcas,u-VGSR,1,1,0.0,0.0,0.0,0.2,1.0,0.981818181818182,1.0,Assignment,0,1,0,0
1571,tcas,u-VGSR,1,1,0.0,0.0,0.0,0.2,1.0,0.981818181818182,1.0,Assignment,1,0,0,1
1572,tcas,u-VGSR,1,1,0.0,0.0,0.0,0.2,1.0,0.981818181818182,1.0,Assignment,0,0,0,1
1573,tcas,u-VGSR,1,1,0.0,0.0,0.0,0.2,1.0,0.981818181818182,1.0,Assignment,1,0,0,1
1574,tcas,u-VGSR,1,1,0.0,0.0,0.0,0.2,1.0,0.981818181818182,1.0,Assignment,0,0,0,1
1575,tcas,u-VGSR,1,1,0.0,0.0,0.0,0.2,1.0,0.981818181818182,1.0,Assignment,0,0,0,1
1576,tcas,u-VGSR,1,1,0.0,0.0,0.0,0.2,1.0,0.981818181818182,1.0,Assignment,1,0,0,1
1577,tcas,u-VGSR,1,1,0.0,0.0,0.0,0.2,1.0,0.981818181818182,1.0,Assignment,1,0,0,1
1578,tcas,u-VGSR,1,1,0.0,0.0,0.0,0.2,1.0,0.981818181818182,1.0,Assignment,1,0,0,1
1579,tcas,u-VGSR,1,1,0.0,0.0,0.0,0.2,1.0,0.981818181818182,1.0,Assignment,0,0,0,1
1580,tcas,u-VGSR,1,1,0.0,0.0,0.0,0.2,1.0,0.981818181818182,1.0,If,0,0,0,1
1581,tcas,u-VGSR,1,1,0.0,0.0,0.0,0.2,1.0,0.981818181818182,1.0,If,0,0,0,1
1582,tcas,u-VGSR,1,1,0.0,0.0,0.0,0.2,1.0,0.981818181818182,1.0,If,0,0,0,1
1583,tcas,u-VGSR,1,1,0.0,0.0,0.0,0.2,1.0,0.981818181818182,1.0,If,0,0,0,1
1584,tcas,u-VGSR,1,1,0.0,0.0,0.0,0.2,1.0,0.981818181818182,1.0,If,0,0,0,1
1585,tcas,u-VGSR,1,1,0.0,0.0,0.0,0.2,1.0,0.981818181818182,1.0,If,0,0,0,1
1586,tcas,u-VGSR,1,1,0.0,0.0,0.0,0.2,1.0,0.981818181818182,1.0,If,0,0,0,1
1587,tcas,u-VGSR,1,1,0.0,0.0,0.0,0.2,1.0,0.981818181818182,1.0,If,0,0,0,1
1588,tcas,u-VGSR,1,1,0.0,0.0,0.0,0.2,1.0,0.981818181818182,1.0,If,0,0,0,1
1589,tcas,u-VGSR,1,1,0.0,0.0,0.0,0.2,1.0,0.981818181818182,1.0,If,0,0,0,1
1590,tcas,u-VGSR,1,1,0.0,0.0,0.0,0.2,1.0,0.981818181818182,1.0,If,0,0,0,1
1591,tcas,u-VGSR,1,1,0.0,0.0,0.0,0.2,1.0,0.981818181818182,1.0,If,0,0,0,1
1592,tcas,u-VGSR,1,1,0.0,0.0,0.0,0.2,1.0,0.981818181818182,1.0,If,1,0,0,1
1593,tcas,u-VGSR,1,1,0.0,0.0,0.0,0.2,1.0,0.981818181818182,1.0,If,1,0,0,1
1594,tcas,u-VGSR,1,1,0.0,0.0,0.0,0.2,1.0,0.981818181818182,1.0,If,0,0,0,1
1595,tcas,u-VGSR,1,1,0.0,0.0,0.0,0.2,1.0,0.981818181818182,1.0,If,1,0,0,1
1596,tcas,u-VGSR,1,1,0.0,0.0,0.0,0.2,1.0,0.981818181818182,1.0,If,0,1,0,0
1597,tcas,u-VGSR,1,1,0.0,0.0,0.0,0.2,1.0,0.981818181818182,1.0,If,1,0,0,1
1598,tcas,u-VGSR,1,1,0.0,0.0,0.0,0.2,1.0,0.981818181818182,1.0,If,1,0,0,1
1599,tcas,u-VGSR,1,1,0.0,0.0,0.0,0.2,1.0,0.981818181818182,1.0,If,1,0,0,1
1600,tcas,u-VGSR,1,1,0.0,0.0,0.0,0.2,1.0,0.981818181818182,1.0,If,0,0,0,1
1601,tcas,u-VGSR,1,1,0.0,0.0,0.0,0.2,1.0,0.981818181818182,1.0,If,1,0,0,1
1602,tcas,u-VGSR,1,1,0.0,0.0,0.0,0.2,1.0,0.981818181818182,1.0,If,1,0,0,1
1603,tcas,u-VGSR,1,1,0.0,0.0,0.0,0.2,1.0,0.981818181818182,1.0,If,1,0,0,1
1604,tcas,u-VGSR,1,1,0.0,0.0,0.0,0.2,1.0,0.981818181818182,1.0,If,0,0,0,1
1605,tcas,u-VGSR,1,1,0.0,0.0,0.0,0.2,1.0,0.981818181818182,1.0,If,0,0,0,1
1606,tcas,u-VGSR,1,1,0.0,0.0,0.0,0.2,1.0,0.981818181818182,1.0,If,0,0,0,1
1607,tcas,u-VGSR,1,1,0.0,0.0,0.0,0.2,1.0,0.981818181818182,1.0,If,0,0,0,1
1608,tcas,u-VGSR,1,1,0.0,0.0,0.0,0.2,1.0,0.981818181818182,1.0,If,0,0,0,1
1609,tcas,u-VGSR,1,1,0.0,0.0,0.0,0.2,1.0,0.981818181818182,1.0,If,0,0,0,1
1610,tcas,u-VGSR,1,1,0.0,0.0,0.0,0.2,1.0,0.981818181818182,1.0,If,0,0,0,1
1611,tcas,u-VGSR,1,1,0.0,0.0,0.0,0.2,1.0,0.981818181818182,1.0,If,0,0,0,1
1612,tcas,u-VGSR,1,1,0.0,0.0,0.0,0.2,1.0,0.981818181818182,1.0,If,0,0,0,1
1613,tcas,u-VGSR,1,1,0.0,0.0,0.0,0.2,1.0,0.981818181818182,1.0,If,0,0,0,1
1614,tcas,u-VGSR,1,1,0.0,0.0,0.0,0.2,1.0,0.981818181818182,1.0,If,0,0,0,1
1615,tcas,u-VGSR,1,1,0.0,0.0,0.0,0.2,1.0,0.981818181818182,1.0,If,0,0,0,1
1616,tcas,u-VGSR,1,1,0.0,0.0,0.0,0.2,1.0,0.981818181818182,1.0,If,0,0,0,1
1617,tcas,u-VGSR,1,1,0.0,0.0,0.0,0.2,1.0,0.981818181818182,1.0,If,0,0,0,1
1618,tcas,u-VGSR,1,1,0.0,0.0,0.0,0.2,1.0,0.981818181818182,1.0,If,0,0,0,1
1619,tcas,u-VGSR,1,1,0.0,0.0,0.0,0.2,1.0,0.981818181818182,1.0,If,0,0,0,1
1620,tcas,u-VGSR,1,1,0.0,0.0,0.0,0.2,1.0,0.981818181818182,1.0,If,0,0,0,1
1621,tcas,u-VGSR,1,1,0.0,0.0,0.0,0.2,1.0,0.981818181818182,1.0,If,0,0,0,1
1622,tcas,u-VGSR,1,1,0.0,0.0,0.0,0.2,1.0,0.981818181818182,1.0,If,0,0,0,1
1623,tcas,u-VGSR,1,1,0.0,0.0,0.0,0.2,1.0,0.981818181818182,1.0,If,0,0,0,1
1624,tcas,u-VGSR,1,1,0.0,0.0,0.0,0.2,1.0,0.981818181818182,1.0,If,0,0,0,1
1625,tcas,u-VGSR,1,1,0.0,0.0,0.0,0.2,1.0,0.981818181818182,1.0,If,0,0,0,1
1626,tcas,u-VGSR,1,1,0.0,0.0,0.0,0.2,1.0,0.981818181818182,1.0,If,0,0,0,1
1627,tcas,u-VGSR,1,1,0.0,0.0,0.0,0.2,1.0,0.981818181818182,1.0,If,0,0,0,1
1628,tcas,u-VGSR,1,1,0.25,0.125,0.1851851851851852,0.6,0.875,1.0,0.2589703588143526,Assignment,0,0,0,1
1629,tcas,u-VGSR,1,1,0.25,0.125,0.1851851851851852,0.6,0.875,1.0,0.2589703588143526,Assignment,0,0,0,1
1630,tcas,u-VGSR,1,1,0.25,0.125,0.1851851851851852,0.6,0.875,1.0,0.2589703588143526,Assignment,0,0,0,1
1631,tcas,u-VGSR,1,1,0.25,0.125,0.1851851851851852,0.6,0.875,1.0,0.2589703588143526,Assignment,0,0,0,1
1632,tcas,u-VGSR,1,1,0.25,0.125,0.1851851851851852,0.6,0.875,1.0,0.2589703588143526,Assignment,0,0,0,1
1633,tcas,u-VGSR,1,1,0.25,0.125,0.1851851851851852,0.6,0.875,1.0,0.2589703588143526,Assignment,0,0,0,1
1634,tcas,u-VGSR,1,1,0.25,0.125,0.1851851851851852,0.6,0.875,1.0,0.2589703588143526,Assignment,0,0,0,1
1635,tcas,u-VGSR,1,1,0.25,0.125,0.1851851851851852,0.6,0.875,1.0,0.2589703588143526,Assignment,0,0,0,1
1636,tcas,u-VGSR,1,1,0.25,0.125,0.1851851851851852,0.6,0.875,1.0,0.2589703588143526,Assignment,0,0,0,1
1637,tcas,u-VGSR,1,1,0.25,0.125,0.1851851851851852,0.6,0.875,1.0,0.2589703588143526,Assignment,0,0,0,1
1638,tcas,u-VGSR,1,1,0.25,0.125,0.1851851851851852,0.6,0.875,1.0,0.2589703588143526,Assignment,0,0,0,1
1639,tcas,u-VGSR,1,1,0.25,0.125,0.1851851851851852,0.6,0.875,1.0,0.2589703588143526,Assignment,0,0,0,1
1640,tcas,u-VGSR,1,1,0.25,0.125,0.1851851851851852,0.6,0.875,1.0,0.2589703588143526,Assignment,0,0,0,1
1641,tcas,u-VGSR,1,1,0.25,0.125,0.1851851851851852,0.6,0.875,1.0,0.2589703588143526,Assignment,0,0,0,1
1642,tcas,u-VGSR,1,1,0.25,0.125,0.1851851851851852,0.6,0.875,1.0,0.2589703588143526,Assignment,0,0,0,1
1643,tcas,u-VGSR,1,1,0.25,0.125,0.1851851851851852,0.6,0.875,1.0,0.2589703588143526,Assignment,0,0,0,1
1644,tcas,u-VGSR,1,1,0.25,0.125,0.1851851851851852,0.6,0.875,1.0,0.2589703588143526,Assignment,0,0,0,1
1645,tcas,u-VGSR,1,1,0.25,0.125,0.1851851851851852,0.6,0.875,1.0,0.2589703588143526,Assignment,0,0,0,1
1646,tcas,u-VGSR,1,1,0.25,0.125,0.1851851851851852,0.6,0.875,1.0,0.2589703588143526,Assignment,0,0,0,1
1647,tcas,u-VGSR,1,1,0.25,0.125,0.1851851851851852,0.6,0.875,1.0,0.2589703588143526,Assignment,0,0,0,1
1648,tcas,u-VGSR,1,1,0.25,0.125,0.1851851851851852,0.6,0.875,1.0,0.2589703588143526,Assignment,0,0,0,1
1649,tcas,u-VGSR,1,1,0.25,0.125,0.1851851851851852,0.6,0.875,1.0,0.2589703588143526,Assignment,0,0,0,1
1650,tcas,u-VGSR,1,1,0.25,0.125,0.1851851851851852,0.6,0.875,1.0,0.2589703588143526,Assignment,0,0,0,1
1651,tcas,u-VGSR,1,1,0.25,0.125,0.1851851851851852,0.6,0.875,1.0,0.2589703588143526,Assignment,0,0,0,1
1652,tcas,u-VGSR,1,1,0.25,0.125,0.1851851851851852,0.6,0.875,1.0,0.2589703588143526,If,0,0,0,1
1653,tcas,u-VGSR,1,1,0.25,0.125,0.1851851851851852,0.6,0.875,1.0,0.2589703588143526,If,0,0,0,1
1654,tcas,u-VGSR,1,1,0.25,0.125,0.1851851851851852,0.6,0.875,1.0,0.2589703588143526,If,0,0,0,1
1655,tcas,u-VGSR,1,1,0.25,0.125,0.1851851851851852,0.6,0.875,1.0,0.2589703588143526,If,0,0,0,1
1656,tcas,u-VGSR,1,1,0.25,0.125,0.1851851851851852,0.6,0.875,1.0,0.2589703588143526,If,0,0,0,1
1657,tcas,u-VGSR,1,1,0.25,0.125,0.1851851851851852,0.6,0.875,1.0,0.2589703588143526,If,0,0,0,1
1658,tcas,u-VGSR,1,1,0.25,0.125,0.1851851851851852,0.6,0.875,1.0,0.2589703588143526,If,0,0,0,1
1659,tcas,u-VGSR,1,1,0.25,0.125,0.1851851851851852,0.6,0.875,1.0,0.2589703588143526,If,0,0,0,1
1660,tcas,u-VGSR,1,1,0.25,0.125,0.1851851851851852,0.6,0.875,1.0,0.2589703588143526,If,0,1,0,0
1661,tcas,u-VGSR,1,1,0.25,0.125,0.1851851851851852,0.6,0.875,1.0,0.2589703588143526,If,0,0,0,1
1662,tcas,u-VGSR,1,1,0.25,0.125,0.1851851851851852,0.6,0.875,1.0,0.2589703588143526,If,0,0,0,1
1663,tcas,u-VGSR,1,1,0.25,0.125,0.1851851851851852,0.6,0.875,1.0,0.2589703588143526,If,0,0,0,1
1664,tcas,u-VGSR,1,1,0.25,0.125,0.1851851851851852,0.6,0.875,1.0,0.2589703588143526,If,0,0,0,1
1665,tcas,u-VGSR,1,1,0.25,0.125,0.1851851851851852,0.6,0.875,1.0,0.2589703588143526,If,0,0,0,1
1666,tcas,u-VGSR,1,1,0.25,0.125,0.1851851851851852,0.6,0.875,1.0,0.2589703588143526,If,0,1,0,0
1667,tcas,u-VGSR,1,1,0.25,0.125,0.1851851851851852,0.6,0.875,1.0,0.2589703588143526,If,0,0,0,1
1668,tcas,u-VGSR,1,1,0.25,0.125,0.1851851851851852,0.6,0.875,1.0,0.2589703588143526,If,0,0,0,1
1669,tcas,u-VGSR,1,1,0.25,0.125,0.1851851851851852,0.6,0.875,1.0,0.2589703588143526,If,0,0,0,1
1670,tcas,u-VGSR,1,1,0.25,0.125,0.1851851851851852,0.6,0.875,1.0,0.2589703588143526,If,0,0,0,1
1671,tcas,u-VGSR,1,1,0.25,0.125,0.1851851851851852,0.6,0.875,1.0,0.2589703588143526,If,0,0,0,1
1672,tcas,u-VGSR,1,1,0.25,0.125,0.1851851851851852,0.6,0.875,1.0,0.2589703588143526,If,0,0,0,1
1673,tcas,u-VGSR,1,1,0.25,0.125,0.1851851851851852,0.6,0.875,1.0,0.2589703588143526,If,0,0,0,1
1674,tcas,u-VGSR,1,1,0.25,0.125,0.1851851851851852,0.6,0.875,1.0,0.2589703588143526,If,0,0,0,1
1675,tcas,u-VGSR,1,1,0.25,0.125,0.1851851851851852,0.6,0.875,1.0,0.2589703588143526,If,0,0,0,1
1676,tcas,u-VGSR,0,1,0.5,0.25,0.3703703703703704,0.4,0.25,0.3636363636363637,0.0,Assignment,1,0,0,1
1677,tcas,u-VGSR,0,1,0.5,0.25,0.3703703703703704,0.4,0.25,0.3636363636363637,0.0,Assignment,1,0,0,1
1678,tcas,u-VGSR,0,1,0.5,0.25,0.3703703703703704,0.4,0.25,0.3636363636363637,0.0,Assignment,1,0,0,1
1679,tcas,u-VGSR,0,1,0.5,0.25,0.3703703703703704,0.4,0.25,0.3636363636363637,0.0,Assignment,1,0,0,1
1680,tcas,u-VGSR,0,1,0.5,0.25,0.3703703703703704,0.4,0.25,0.3636363636363637,0.0,Assignment,1,0,0,1
1681,tcas,u-VGSR,0,1,0.5,0.25,0.3703703703703704,0.4,0.25,0.3636363636363637,0.0,Assignment,1,0,0,1
1682,tcas,u-VGSR,0,1,0.5,0.25,0.3703703703703704,0.4,0.25,0.3636363636363637,0.0,Assignment,1,0,0,1
1683,tcas,u-VGSR,0,1,0.5,0.25,0.3703703703703704,0.4,0.25,0.3636363636363637,0.0,Assignment,1,0,0,1
1684,tcas,u-VGSR,0,1,0.5,0.25,0.3703703703703704,0.4,0.25,0.3636363636363637,0.0,Assignment,1,0,0,1
1685,tcas,u-VGSR,0,1,0.5,0.25,0.3703703703703704,0.4,0.25,0.3636363636363637,0.0,Assignment,1,0,0,1
1686,tcas,u-VGSR,0,1,0.5,0.25,0.3703703703703704,0.4,0.25,0.3636363636363637,0.0,Assignment,1,0,0,1
1687,tcas,u-VGSR,0,1,0.5,0.25,0.3703703703703704,0.4,0.25,0.3636363636363637,0.0,Assignment,1,0,0,1
1688,tcas,u-VGSR,1,0,0.5,0.25,0.3703703703703704,0.8,0.75,0.9696969696969696,0.0062402496099844,If,0,0,1,0
1689,tcas,u-VGSR,1,0,0.5,0.25,0.3703703703703704,0.8,0.75,0.9696969696969696,0.0062402496099844,If,0,0,1,0
1690,tcas,u-VGSR,1,0,0.5,0.25,0.3703703703703704,0.8,0.75,0.9696969696969696,0.0062402496099844,If,0,0,1,0
1691,tcas,u-VGSR,1,0,0.5,0.25,0.3703703703703704,0.8,0.75,0.9696969696969696,0.0062402496099844,If,0,0,1,0
1692,tcas,u-VGSR,1,0,0.5,0.25,0.3703703703703704,0.8,0.75,0.9696969696969696,0.0062402496099844,If,0,0,1,0
1693,tcas,u-VGSR,1,0,0.5,0.25,0.3703703703703704,0.8,0.75,0.9696969696969696,0.0062402496099844,If,0,0,1,0
1694,tcas,u-VGSR,1,0,0.5,0.25,0.3703703703703704,0.8,0.75,0.9696969696969696,0.0062402496099844,If,0,0,1,0
1695,tcas,u-VGSR,1,0,0.5,0.25,0.3703703703703704,0.8,0.75,0.9696969696969696,0.0062402496099844,If,0,0,1,0
1696,tcas,u-VGSR,1,0,0.5,0.25,0.3703703703703704,0.8,0.75,0.9696969696969696,0.0062402496099844,If,0,0,1,0
1697,tcas,u-VGSR,1,0,0.5,0.25,0.3703703703703704,0.8,0.75,0.9696969696969696,0.0062402496099844,If,0,0,1,0
1698,tcas,u-VGSR,1,0,0.5,0.25,0.3703703703703704,0.8,0.75,0.9696969696969696,0.0062402496099844,If,0,0,1,0
1699,tcas,u-VGSR,1,0,0.5,0.25,0.3703703703703704,0.8,0.75,0.9696969696969696,0.0062402496099844,If,0,0,1,0
1700,tcas,u-VGSR,0,1,0.75,0.375,0.5555555555555555,0.6,0.375,0.5454545454545454,0.0,Assignment,0,0,0,1
1701,tcas,u-VGSR,0,1,0.75,0.375,0.5555555555555555,0.6,0.375,0.5454545454545454,0.0,Assignment,0,0,0,1
1702,tcas,u-VGSR,0,1,0.75,0.375,0.5555555555555555,0.6,0.375,0.5454545454545454,0.0,Assignment,0,0,0,1
1703,tcas,u-VGSR,0,1,0.75,0.375,0.5555555555555555,0.6,0.375,0.5454545454545454,0.0,Assignment,0,0,0,1
1704,tcas,u-VGSR,0,1,0.75,0.375,0.5555555555555555,0.6,0.375,0.5454545454545454,0.0,Assignment,0,0,0,1
1705,tcas,u-VGSR,0,1,0.75,0.375,0.5555555555555555,0.6,0.375,0.5454545454545454,0.0,Assignment,0,0,0,1
1706,tcas,u-VGSR,0,1,0.75,0.375,0.5555555555555555,0.6,0.375,0.5454545454545454,0.0,Assignment,0,0,0,1
1707,tcas,u-VGSR,0,1,0.75,0.375,0.5555555555555555,0.6,0.375,0.5454545454545454,0.0,Assignment,0,0,0,1
1708,tcas,u-VGSR,0,1,0.75,0.375,0.5555555555555555,0.6,0.375,0.5454545454545454,0.0,Assignment,0,0,0,1
1709,tcas,u-VGSR,0,1,0.75,0.375,0.5555555555555555,0.6,0.375,0.5454545454545454,0.0,Assignment,0,0,0,1
1710,tcas,u-VGSR,0,1,0.75,0.375,0.5555555555555555,0.6,0.375,0.5454545454545454,0.0,Assignment,0,0,0,1
1711,tcas,u-VGSR,0,1,0.75,0.375,0.5555555555555555,0.6,0.375,0.5454545454545454,0.0,Assignment,0,0,0,1
1712,tcas,u-VGSR,1,0,0.75,0.375,0.5555555555555555,1.0,0.625,0.9090909090909092,0.0062402496099844,If,0,0,1,0
1713,tcas,u-VGSR,1,0,0.75,0.375,0.5555555555555555,1.0,0.625,0.9090909090909092,0.0062402496099844,If,0,0,1,0
1714,tcas,u-VGSR,1,0,0.75,0.375,0.5555555555555555,1.0,0.625,0.9090909090909092,0.0062402496099844,If,0,0,1,0
1715,tcas,u-VGSR,1,0,0.75,0.375,0.5555555555555555,1.0,0.625,0.9090909090909092,0.0062402496099844,If,0,0,1,0
1716,tcas,u-VGSR,1,0,0.75,0.375,0.5555555555555555,1.0,0.625,0.9090909090909092,0.0062402496099844,If,0,0,1,0
1717,tcas,u-VGSR,1,0,0.75,0.375,0.5555555555555555,1.0,0.625,0.9090909090909092,0.0062402496099844,If,0,0,1,0
1718,tcas,u-VGSR,1,0,0.75,0.375,0.5555555555555555,1.0,0.625,0.9090909090909092,0.0062402496099844,If,0,0,1,0
1719,tcas,u-VGSR,1,0,0.75,0.375,0.5555555555555555,1.0,0.625,0.9090909090909092,0.0062402496099844,If,0,0,1,0
1720,tcas,u-VGSR,1,0,0.75,0.375,0.5555555555555555,1.0,0.625,0.9090909090909092,0.0062402496099844,If,0,0,1,0
1721,tcas,u-VGSR,1,0,0.75,0.375,0.5555555555555555,1.0,0.625,0.9090909090909092,0.0062402496099844,If,0,0,1,0
1722,tcas,u-VGSR,1,0,0.75,0.375,0.5555555555555555,1.0,0.625,0.9090909090909092,0.0062402496099844,If,0,0,1,0
1723,tcas,u-VGSR,1,0,0.75,0.375,0.5555555555555555,1.0,0.625,0.9090909090909092,0.0062402496099844,If,0,0,1,0
1724,tcas,u-VGSR,0,1,1.0,0.5,0.7407407407407407,0.8,0.5,0.7272727272727273,0.0,Assignment,0,0,0,1
1725,tcas,u-VGSR,0,1,1.0,0.5,0.7407407407407407,0.8,0.5,0.7272727272727273,0.0,Assignment,0,0,0,1
1726,tcas,u-VGSR,0,1,1.0,0.5,0.7407407407407407,0.8,0.5,0.7272727272727273,0.0,Assignment,0,0,0,1
1727,tcas,u-VGSR,0,1,1.0,0.5,0.7407407407407407,0.8,0.5,0.7272727272727273,0.0,Assignment,0,0,0,1
1728,tcas,u-VGSR,0,1,1.0,0.5,0.7407407407407407,0.8,0.5,0.7272727272727273,0.0,Assignment,0,0,0,1
1729,tcas,u-VGSR,0,1,1.0,0.5,0.7407407407407407,0.8,0.5,0.7272727272727273,0.0,Assignment,0,0,0,1
1730,tcas,u-VGSR,0,1,1.0,0.5,0.7407407407407407,0.8,0.5,0.7272727272727273,0.0,Assignment,0,0,0,1
1731,tcas,u-VGSR,0,1,1.0,0.5,0.7407407407407407,0.8,0.5,0.7272727272727273,0.0,Assignment,0,0,0,1
1732,tcas,u-VGSR,0,1,1.0,0.5,0.7407407407407407,0.8,0.5,0.7272727272727273,0.0,Assignment,0,0,0,1
1733,tcas,u-VGSR,0,1,1.0,0.5,0.7407407407407407,0.8,0.5,0.7272727272727273,0.0,Assignment,0,0,0,1
1734,tcas,u-VGSR,0,1,1.0,0.5,0.7407407407407407,0.8,0.5,0.7272727272727273,0.0,Assignment,0,0,0,1
1735,tcas,u-VGSR,0,1,1.0,0.5,0.7407407407407407,0.8,0.5,0.7272727272727273,0.0,Assignment,0,0,0,1
1736,tcas,u-VGSR,0,1,1.0,0.5,0.7407407407407407,0.8,0.5,0.7272727272727273,0.0,Assignment,1,0,0,1
1737,tcas,u-VGSR,0,1,1.0,0.5,0.7407407407407407,0.8,0.5,0.7272727272727273,0.0,Assignment,1,0,0,1
1738,tcas,u-VGSR,0,1,1.0,0.5,0.7407407407407407,0.8,0.5,0.7272727272727273,0.0,Assignment,1,0,0,1
1739,tcas,u-VGSR,0,1,1.0,0.5,0.7407407407407407,0.8,0.5,0.7272727272727273,0.0,Assignment,1,0,0,1
1740,tcas,u-VGSR,0,1,1.0,0.5,0.7407407407407407,0.8,0.5,0.7272727272727273,0.0,Assignment,1,0,0,1
1741,tcas,u-VGSR,0,1,1.0,0.5,0.7407407407407407,0.8,0.5,0.7272727272727273,0.0,Assignment,1,0,0,1
1742,tcas,u-VGSR,0,1,1.0,0.5,0.7407407407407407,0.8,0.5,0.7272727272727273,0.0,Assignment,1,0,0,1
1743,tcas,u-VGSR,0,1,1.0,0.5,0.7407407407407407,0.8,0.5,0.7272727272727273,0.0,Assignment,1,0,0,1
1744,tcas,u-VGSR,0,1,1.0,0.5,0.7407407407407407,0.8,0.5,0.7272727272727273,0.0,Assignment,1,0,0,1
1745,tcas,u-VGSR,0,1,1.0,0.5,0.7407407407407407,0.8,0.5,0.7272727272727273,0.0,Assignment,1,0,0,1
1746,tcas,u-VGSR,0,1,1.0,0.5,0.7407407407407407,0.8,0.5,0.7272727272727273,0.0,Assignment,1,0,0,1
1747,tcas,u-VGSR,0,1,1.0,0.5,0.7407407407407407,0.8,0.5,0.7272727272727273,0.0,Assignment,1,0,0,1
1748,tcas,u-VGSR,0,1,0.25,1.0,1.0,0.0,0.0,0.0,0.0,Return,0,0,0,1
1749,tcas,u-VGSR,0,1,0.25,1.0,1.0,0.0,0.0,0.0,0.0,Return,0,0,0,1
1750,tcas,u-VGSR,0,1,0.25,1.0,1.0,0.0,0.0,0.0,0.0,Return,0,0,0,1
1751,tcas,u-VGSR,0,1,0.25,1.0,1.0,0.0,0.0,0.0,0.0,Return,0,0,0,1
1752,tcas,u-VGSR,0,1,0.25,1.0,1.0,0.0,0.0,0.0,0.0,Return,0,0,0,1
1753,tcas,u-VGSR,0,1,0.25,1.0,1.0,0.0,0.0,0.0,0.0,Return,0,0,0,1
1754,tcas,u-VGSR,0,1,0.25,1.0,1.0,0.0,0.0,0.0,0.0,Return,0,0,0,1
1755,tcas,u-VGSR,0,1,0.25,1.0,1.0,0.0,0.0,0.0,0.0,Return,0,0,0,1
1756,tcas,u-VGSR,0,1,0.25,1.0,1.0,0.0,0.0,0.0,0.0,Return,0,0,0,1
1757,tcas,u-VGSR,0,1,0.25,1.0,1.0,0.0,0.0,0.0,0.0,Return,0,0,0,1
1758,tcas,u-VGSR,0,1,0.25,1.0,1.0,0.0,0.0,0.0,0.0,Return,0,0,0,1
1759,tcas,u-VGSR,0,1,0.25,1.0,1.0,0.0,0.0,0.0,0.0,Return,0,0,0,1
1760,tcas,u-VLSR,1,1,0.0,0.0,0.0,0.2,1.0,0.981818181818182,1.0,Assignment,0,0,0,1
1761,tcas,u-VLSR,1,1,0.0,0.0,0.0,0.2,1.0,0.981818181818182,1.0,Assignment,0,0,0,1
1762,tcas,u-VLSR,1,1,0.0,0.0,0.0,0.2,1.0,0.981818181818182,1.0,Assignment,0,0,0,1
1763,tcas,u-VLSR,1,1,0.0,0.0,0.0,0.2,1.0,0.981818181818182,1.0,Assignment,0,0,0,1
1764,tcas,u-VLSR,1,1,0.0,0.0,0.0,0.2,1.0,0.981818181818182,1.0,Assignment,0,0,0,1
1765,tcas,u-VLSR,1,1,0.0,0.0,0.0,0.2,1.0,0.981818181818182,1.0,Assignment,0,0,0,1
1766,tcas,u-VLSR,1,1,0.0,0.0,0.0,0.2,1.0,0.981818181818182,1.0,Assignment,0,0,0,1
1767,tcas,u-VLSR,1,1,0.0,0.0,0.0,0.2,1.0,0.981818181818182,1.0,Assignment,0,0,0,1
1768,tcas,u-VLSR,1,1,0.0,0.0,0.0,0.2,1.0,0.981818181818182,1.0,Assignment,0,0,0,1
1769,tcas,u-VLSR,1,1,0.0,0.0,0.0,0.2,1.0,0.981818181818182,1.0,Assignment,0,0,0,1
1770,tcas,u-VLSR,1,1,0.0,0.0,0.0,0.2,1.0,0.981818181818182,1.0,Assignment,0,0,0,1
1771,tcas,u-VLSR,1,1,0.0,0.0,0.0,0.2,1.0,0.981818181818182,1.0,Assignment,0,0,0,1
1772,tcas,u-VLSR,1,1,0.0,0.0,0.0,0.2,1.0,0.981818181818182,1.0,Assignment,0,0,0,1
1773,tcas,u-VLSR,1,1,0.0,0.0,0.0,0.2,1.0,0.981818181818182,1.0,Assignment,0,0,0,1
1774,tcas,u-VLSR,1,1,0.0,0.0,0.0,0.2,1.0,0.981818181818182,1.0,Assignment,0,0,0,1
1775,tcas,u-VLSR,1,1,0.0,0.0,0.0,0.2,1.0,0.981818181818182,1.0,Assignment,0,0,0,1
1776,tcas,u-VLSR,1,1,0.0,0.0,0.0,0.2,1.0,0.981818181818182,1.0,Assignment,0,0,0,1
1777,tcas,u-VLSR,1,1,0.0,0.0,0.0,0.2,1.0,0.981818181818182,1.0,Assignment,0,0,0,1
1778,tcas,u-VLSR,1,1,0.0,0.0,0.0,0.2,1.0,0.981818181818182,1.0,Assignment,0,0,0,1
1779,tcas,u-VLSR,1,1,0.0,0.0,0.0,0.2,1.0,0.981818181818182,1.0,Assignment,0,0,0,1
1780,tcas,u-VLSR,1,1,0.0,0.0,0.0,0.2,1.0,0.981818181818182,1.0,Assignment,0,0,0,1
1781,tcas,u-VLSR,1,1,0.0,0.0,0.0,0.2,1.0,0.981818181818182,1.0,Assignment,0,0,0,1
1782,tcas,u-VLSR,1,1,0.0,0.0,0.0,0.2,1.0,0.981818181818182,1.0,Assignment,0,0,0,1
1783,tcas,u-VLSR,1,1,0.0,0.0,0.0,0.2,1.0,0.981818181818182,1.0,Assignment,0,0,0,1
1784,tcas,u-VLSR,1,1,0.0,0.0,0.0,0.2,1.0,0.981818181818182,1.0,Assignment,0,0,0,1
1785,tcas,u-VLSR,1,1,0.0,0.0,0.0,0.2,1.0,0.981818181818182,1.0,Assignment,0,0,0,1
1786,tcas,u-VLSR,1,1,0.0,0.0,0.0,0.2,1.0,0.981818181818182,1.0,Assignment,0,0,0,1
1787,tcas,u-VLSR,1,1,0.0,0.0,0.0,0.2,1.0,0.981818181818182,1.0,Assignment,0,0,0,1
1788,tcas,u-VLSR,1,1,0.0,0.0,0.0,0.2,1.0,0.981818181818182,1.0,Assignment,0,0,0,1
1789,tcas,u-VLSR,1,1,0.0,0.0,0.0,0.2,1.0,0.981818181818182,1.0,Assignment,0,0,0,1
1790,tcas,u-VLSR,1,1,0.0,0.0,0.0,0.2,1.0,0.981818181818182,1.0,Assignment,0,0,0,1
1791,tcas,u-VLSR,1,1,0.0,0.0,0.0,0.2,1.0,0.981818181818182,1.0,Assignment,0,0,0,1
1792,tcas,u-VLSR,1,1,0.0,0.0,0.0,0.2,1.0,0.981818181818182,1.0,Assignment,0,0,0,1
1793,tcas,u-VLSR,1,1,0.0,0.0,0.0,0.2,1.0,0.981818181818182,1.0,Assignment,0,0,0,1
1794,tcas,u-VLSR,1,1,0.0,0.0,0.0,0.2,1.0,0.981818181818182,1.0,Assignment,0,0,0,1
1795,tcas,u-VLSR,1,1,0.0,0.0,0.0,0.2,1.0,0.981818181818182,1.0,Assignment,0,0,0,1
1796,tcas,u-VLSR,1,1,0.0,0.0,0.0,0.2,1.0,0.981818181818182,1.0,Assignment,0,0,0,1
1797,tcas,u-VLSR,1,1,0.0,0.0,0.0,0.2,1.0,0.981818181818182,1.0,Assignment,0,0,0,1
1798,tcas,u-VLSR,1,1,0.0,0.0,0.0,0.2,1.0,0.981818181818182,1.0,Assignment,0,0,0,1
1799,tcas,u-VLSR,1,1,0.0,0.0,0.0,0.2,1.0,0.981818181818182,1.0,Assignment,0,0,0,1
1800,tcas,u-VLSR,1,1,0.0,0.0,0.0,0.2,1.0,0.981818181818182,1.0,Assignment,0,0,0,1
1801,tcas,u-VLSR,1,1,0.0,0.0,0.0,0.2,1.0,0.981818181818182,1.0,Assignment,0,0,0,1
1802,tcas,u-VLSR,1,1,0.0,0.0,0.0,0.2,1.0,0.981818181818182,1.0,Assignment,0,0,0,1
1803,tcas,u-VLSR,1,1,0.0,0.0,0.0,0.2,1.0,0.981818181818182,1.0,Assignment,0,0,0,1
1804,tcas,u-VLSR,1,1,0.0,0.0,0.0,0.2,1.0,0.981818181818182,1.0,Assignment,0,0,0,1
1805,tcas,u-VLSR,1,1,0.0,0.0,0.0,0.2,1.0,0.981818181818182,1.0,Assignment,0,0,0,1
1806,tcas,u-VLSR,1,1,0.0,0.0,0.0,0.2,1.0,0.981818181818182,1.0,Assignment,0,0,0,1
1807,tcas,u-VLSR,1,1,0.0,0.0,0.0,0.2,1.0,0.981818181818182,1.0,Assignment,0,0,0,1
1808,tcas,u-VLSR,1,1,0.0,0.0,0.0,0.2,1.0,0.981818181818182,1.0,Assignment,0,0,0,1
1809,tcas,u-VLSR,1,1,0.0,0.0,0.0,0.2,1.0,0.981818181818182,1.0,Assignment,0,0,0,1
1810,tcas,u-VLSR,1,1,0.0,0.0,0.0,0.2,1.0,0.981818181818182,1.0,Assignment,0,0,0,1
1811,tcas,u-VLSR,1,1,0.0,0.0,0.0,0.2,1.0,0.981818181818182,1.0,Assignment,0,0,0,1
1812,tcas,u-VLSR,1,1,0.0,0.0,0.0,0.2,1.0,0.981818181818182,1.0,Assignment,0,0,0,1
1813,tcas,u-VLSR,1,1,0.0,0.0,0.0,0.2,1.0,0.981818181818182,1.0,Assignment,0,0,0,1
1814,tcas,u-VLSR,1,1,0.0,0.0,0.0,0.2,1.0,0.981818181818182,1.0,Assignment,1,0,0,1
1815,tcas,u-VLSR,1,1,0.0,0.0,0.0,0.2,1.0,0.981818181818182,1.0,Assignment,1,0,0,1
1816,tcas,u-VLSR,1,1,0.0,0.0,0.0,0.2,1.0,0.981818181818182,1.0,If,0,0,1,0
1817,tcas,u-VLSR,1,1,0.0,0.0,0.0,0.2,1.0,0.981818181818182,1.0,If,0,0,1,0
1818,tcas,u-VLSR,1,1,0.0,0.0,0.0,0.2,1.0,0.981818181818182,1.0,If,0,0,1,0
1819,tcas,u-VLSR,1,1,0.0,0.0,0.0,0.2,1.0,0.981818181818182,1.0,If,0,0,1,0
1820,tcas,u-VLSR,1,1,0.0,0.0,0.0,0.2,1.0,0.981818181818182,1.0,If,0,0,1,0
1821,tcas,u-VLSR,1,1,0.0,0.0,0.0,0.2,1.0,0.981818181818182,1.0,If,1,0,0,1
1822,tcas,u-VLSR,1,1,0.0,0.0,0.0,0.2,1.0,0.981818181818182,1.0,If,0,0,1,0
1823,tcas,u-VLSR,1,1,0.0,0.0,0.0,0.2,1.0,0.981818181818182,1.0,If,1,0,0,1
1824,tcas,u-VLSR,1,1,0.0,0.0,0.0,0.2,1.0,0.981818181818182,1.0,If,1,0,0,1
1825,tcas,u-VLSR,1,1,0.0,0.0,0.0,0.2,1.0,0.981818181818182,1.0,If,1,0,0,1
1826,tcas,u-VLSR,1,1,0.0,0.0,0.0,0.2,1.0,0.981818181818182,1.0,If,0,0,1,0
1827,tcas,u-VLSR,1,1,0.0,0.0,0.0,0.2,1.0,0.981818181818182,1.0,If,0,0,1,0
1828,tcas,u-VLSR,1,1,0.0,0.0,0.0,0.2,1.0,0.981818181818182,1.0,If,0,0,1,0
1829,tcas,u-VLSR,1,1,0.0,0.0,0.0,0.2,1.0,0.981818181818182,1.0,If,0,0,1,0
1830,tcas,u-VLSR,1,1,0.0,0.0,0.0,0.2,1.0,0.981818181818182,1.0,If,0,0,1,0
1831,tcas,u-VLSR,1,1,0.0,0.0,0.0,0.2,1.0,0.981818181818182,1.0,If,0,0,1,0
1832,tcas,u-VLSR,1,1,0.0,0.0,0.0,0.2,1.0,0.981818181818182,1.0,If,0,0,1,0
1833,tcas,u-VLSR,1,1,0.0,0.0,0.0,0.2,1.0,0.981818181818182,1.0,If,0,0,1,0
1834,tcas,u-VLSR,1,1,0.0,0.0,0.0,0.2,1.0,0.981818181818182,1.0,If,0,0,1,0
1835,tcas,u-VLSR,1,1,0.0,0.0,0.0,0.2,1.0,0.981818181818182,1.0,If,0,0,1,0
1836,tcas,u-VLSR,1,1,0.25,0.125,0.1851851851851852,0.6,0.875,1.0,0.2589703588143526,Assignment,0,0,0,1
1837,tcas,u-VLSR,1,1,0.25,0.125,0.1851851851851852,0.6,0.875,1.0,0.2589703588143526,Assignment,0,0,0,1
1838,tcas,u-VLSR,1,1,0.25,0.125,0.1851851851851852,0.6,0.875,1.0,0.2589703588143526,Assignment,0,0,0,1
1839,tcas,u-VLSR,1,1,0.25,0.125,0.1851851851851852,0.6,0.875,1.0,0.2589703588143526,Assignment,0,0,0,1
1840,tcas,u-VLSR,1,1,0.25,0.125,0.1851851851851852,0.6,0.875,1.0,0.2589703588143526,Assignment,0,0,0,1
1841,tcas,u-VLSR,1,1,0.25,0.125,0.1851851851851852,0.6,0.875,1.0,0.2589703588143526,Assignment,0,0,0,1
1842,tcas,u-VLSR,1,1,0.25,0.125,0.1851851851851852,0.6,0.875,1.0,0.2589703588143526,Assignment,0,0,0,1
1843,tcas,u-VLSR,1,1,0.25,0.125,0.1851851851851852,0.6,0.875,1.0,0.2589703588143526,Assignment,0,0,0,1
1844,tcas,u-VLSR,1,1,0.25,0.125,0.1851851851851852,0.6,0.875,1.0,0.2589703588143526,Assignment,0,0,0,1
1845,tcas,u-VLSR,1,1,0.25,0.125,0.1851851851851852,0.6,0.875,1.0,0.2589703588143526,Assignment,0,0,0,1
1846,tcas,u-VLSR,1,1,0.25,0.125,0.1851851851851852,0.6,0.875,1.0,0.2589703588143526,If,0,0,1,0
1847,tcas,u-VLSR,1,1,0.25,0.125,0.1851851851851852,0.6,0.875,1.0,0.2589703588143526,If,1,0,0,1
1848,tcas,u-VLSR,1,1,0.25,0.125,0.1851851851851852,0.6,0.875,1.0,0.2589703588143526,If,0,1,1,1
1849,tcas,u-VLSR,1,1,0.25,0.125,0.1851851851851852,0.6,0.875,1.0,0.2589703588143526,If,0,0,1,0
1850,tcas,u-VLSR,1,1,0.25,0.125,0.1851851851851852,0.6,0.875,1.0,0.2589703588143526,If,0,0,1,0
1851,tcas,u-VLSR,1,1,0.25,0.125,0.1851851851851852,0.6,0.875,1.0,0.2589703588143526,If,0,0,1,0
1852,tcas,u-VLSR,1,1,0.25,0.125,0.1851851851851852,0.6,0.875,1.0,0.2589703588143526,If,1,0,0,1
1853,tcas,u-VLSR,1,1,0.25,0.125,0.1851851851851852,0.6,0.875,1.0,0.2589703588143526,If,0,0,1,0
1854,tcas,u-VLSR,1,1,0.25,0.125,0.1851851851851852,0.6,0.875,1.0,0.2589703588143526,If,0,0,1,0
1855,tcas,u-VLSR,1,1,0.25,0.125,0.1851851851851852,0.6,0.875,1.0,0.2589703588143526,If,0,0,1,0
1856,tcas,u-VLSR,0,1,0.5,0.25,0.3703703703703704,0.4,0.25,0.3636363636363637,0.0,Assignment,1,0,0,1
1857,tcas,u-VLSR,0,1,0.5,0.25,0.3703703703703704,0.4,0.25,0.3636363636363637,0.0,Assignment,1,0,0,1
1858,tcas,u-VLSR,0,1,0.5,0.25,0.3703703703703704,0.4,0.25,0.3636363636363637,0.0,Assignment,1,0,0,1
1859,tcas,u-VLSR,0,1,0.5,0.25,0.3703703703703704,0.4,0.25,0.3636363636363637,0.0,Assignment,1,0,0,1
1860,tcas,u-VLSR,0,1,0.5,0.25,0.3703703703703704,0.4,0.25,0.3636363636363637,0.0,Assignment,1,0,0,1
1861,tcas,u-VLSR,1,0,0.5,0.25,0.3703703703703704,0.8,0.75,0.9696969696969696,0.0062402496099844,If,0,0,0,1
1862,tcas,u-VLSR,1,0,0.5,0.25,0.3703703703703704,0.8,0.75,0.9696969696969696,0.0062402496099844,If,0,0,0,1
1863,tcas,u-VLSR,1,0,0.5,0.25,0.3703703703703704,0.8,0.75,0.9696969696969696,0.0062402496099844,If,0,0,0,1
1864,tcas,u-VLSR,1,0,0.5,0.25,0.3703703703703704,0.8,0.75,0.9696969696969696,0.0062402496099844,If,0,0,0,1
1865,tcas,u-VLSR,1,0,0.5,0.25,0.3703703703703704,0.8,0.75,0.9696969696969696,0.0062402496099844,If,0,0,0,1
1866,tcas,u-VLSR,0,1,0.75,0.375,0.5555555555555555,0.6,0.375,0.5454545454545454,0.0,Assignment,0,0,0,1
1867,tcas,u-VLSR,0,1,0.75,0.375,0.5555555555555555,0.6,0.375,0.5454545454545454,0.0,Assignment,0,0,0,1
1868,tcas,u-VLSR,0,1,0.75,0.375,0.5555555555555555,0.6,0.375,0.5454545454545454,0.0,Assignment,0,0,0,1
1869,tcas,u-VLSR,0,1,0.75,0.375,0.5555555555555555,0.6,0.375,0.5454545454545454,0.0,Assignment,0,0,0,1
1870,tcas,u-VLSR,0,1,0.75,0.375,0.5555555555555555,0.6,0.375,0.5454545454545454,0.0,Assignment,0,0,0,1
1871,tcas,u-VLSR,1,0,0.75,0.375,0.5555555555555555,1.0,0.625,0.9090909090909092,0.0062402496099844,If,0,0,0,1
1872,tcas,u-VLSR,1,0,0.75,0.375,0.5555555555555555,1.0,0.625,0.9090909090909092,0.0062402496099844,If,0,0,0,1
1873,tcas,u-VLSR,1,0,0.75,0.375,0.5555555555555555,1.0,0.625,0.9090909090909092,0.0062402496099844,If,0,0,0,1
1874,tcas,u-VLSR,1,0,0.75,0.375,0.5555555555555555,1.0,0.625,0.9090909090909092,0.0062402496099844,If,0,0,0,1
1875,tcas,u-VLSR,1,0,0.75,0.375,0.5555555555555555,1.0,0.625,0.9090909090909092,0.0062402496099844,If,0,0,0,1
1876,tcas,u-VLSR,0,1,1.0,0.5,0.7407407407407407,0.8,0.5,0.7272727272727273,0.0,Assignment,0,0,0,1
1877,tcas,u-VLSR,0,1,1.0,0.5,0.7407407407407407,0.8,0.5,0.7272727272727273,0.0,Assignment,0,0,0,1
1878,tcas,u-VLSR,0,1,1.0,0.5,0.7407407407407407,0.8,0.5,0.7272727272727273,0.0,Assignment,0,0,0,1
1879,tcas,u-VLSR,0,1,1.0,0.5,0.7407407407407407,0.8,0.5,0.7272727272727273,0.0,Assignment,0,0,0,1
1880,tcas,u-VLSR,0,1,1.0,0.5,0.7407407407407407,0.8,0.5,0.7272727272727273,0.0,Assignment,0,0,0,1
1881,tcas,u-VLSR,0,1,1.0,0.5,0.7407407407407407,0.8,0.5,0.7272727272727273,0.0,Assignment,1,0,0,1
1882,tcas,u-VLSR,0,1,1.0,0.5,0.7407407407407407,0.8,0.5,0.7272727272727273,0.0,Assignment,1,0,0,1
1883,tcas,u-VLSR,0,1,1.0,0.5,0.7407407407407407,0.8,0.5,0.7272727272727273,0.0,Assignment,1,0,0,1
1884,tcas,u-VLSR,0,1,1.0,0.5,0.7407407407407407,0.8,0.5,0.7272727272727273,0.0,Assignment,1,0,0,1
1885,tcas,u-VLSR,0,1,1.0,0.5,0.7407407407407407,0.8,0.5,0.7272727272727273,0.0,Assignment,1,0,0,1
1886,tcas,u-VLSR,0,1,0.25,1.0,1.0,0.0,0.0,0.0,0.0,Return,0,0,0,1
1887,tcas,u-VLSR,0,1,0.25,1.0,1.0,0.0,0.0,0.0,0.0,Return,0,0,0,1
1888,tcas,u-VLSR,0,1,0.25,1.0,1.0,0.0,0.0,0.0,0.0,Return,0,0,0,1
1889,tcas,u-VLSR,0,1,0.25,1.0,1.0,0.0,0.0,0.0,0.0,Return,0,0,0,1
1890,tcas,u-VLSR,0,1,0.25,1.0,1.0,0.0,0.0,0.0,0.0,Return,0,0,0,1
1891,tcas,u-VTWD,1,1,0.0,0.0,0.0,0.2,1.0,0.981818181818182,1.0,Assignment,0,0,0,1
1892,tcas,u-VTWD,1,1,0.0,0.0,0.0,0.2,1.0,0.981818181818182,1.0,Assignment,0,0,0,1
1893,tcas,u-VTWD,1,1,0.0,0.0,0.0,0.2,1.0,0.981818181818182,1.0,Assignment,0,1,0,0
1894,tcas,u-VTWD,1,1,0.0,0.0,0.0,0.2,1.0,0.981818181818182,1.0,Assignment,0,1,0,0
1895,tcas,u-VTWD,1,1,0.0,0.0,0.0,0.2,1.0,0.981818181818182,1.0,Assignment,0,0,0,1
1896,tcas,u-VTWD,1,1,0.0,0.0,0.0,0.2,1.0,0.981818181818182,1.0,Assignment,0,1,0,0
1897,tcas,u-VTWD,1,1,0.0,0.0,0.0,0.2,1.0,0.981818181818182,1.0,Assignment,0,0,0,1
1898,tcas,u-VTWD,1,1,0.0,0.0,0.0,0.2,1.0,0.981818181818182,1.0,Assignment,0,0,0,1
1899,tcas,u-VTWD,1,1,0.0,0.0,0.0,0.2,1.0,0.981818181818182,1.0,Assignment,0,0,0,1
1900,tcas,u-VTWD,1,1,0.0,0.0,0.0,0.2,1.0,0.981818181818182,1.0,Assignment,0,0,0,1
1901,tcas,u-VTWD,1,1,0.0,0.0,0.0,0.2,1.0,0.981818181818182,1.0,Assignment,0,0,0,1
1902,tcas,u-VTWD,1,1,0.0,0.0,0.0,0.2,1.0,0.981818181818182,1.0,Assignment,0,0,0,1
1903,tcas,u-VTWD,1,1,0.0,0.0,0.0,0.2,1.0,0.981818181818182,1.0,If,0,0,0,1
1904,tcas,u-VTWD,1,1,0.0,0.0,0.0,0.2,1.0,0.981818181818182,1.0,If,0,0,0,1
1905,tcas,u-VTWD,1,1,0.0,0.0,0.0,0.2,1.0,0.981818181818182,1.0,If,0,0,0,1
1906,tcas,u-VTWD,1,1,0.0,0.0,0.0,0.2,1.0,0.981818181818182,1.0,If,1,0,0,1
1907,tcas,u-VTWD,1,1,0.0,0.0,0.0,0.2,1.0,0.981818181818182,1.0,If,0,0,0,1
1908,tcas,u-VTWD,1,1,0.0,0.0,0.0,0.2,1.0,0.981818181818182,1.0,If,0,0,0,1
1909,tcas,u-VTWD,1,1,0.0,0.0,0.0,0.2,1.0,0.981818181818182,1.0,If,0,0,0,1
1910,tcas,u-VTWD,1,1,0.0,0.0,0.0,0.2,1.0,0.981818181818182,1.0,If,0,0,0,1
1911,tcas,u-VTWD,1,1,0.25,0.125,0.1851851851851852,0.6,0.875,1.0,0.2589703588143526,If,0,0,1,0
1912,tcas,u-VTWD,1,1,0.25,0.125,0.1851851851851852,0.6,0.875,1.0,0.2589703588143526,If,0,0,1,0
1913,tcas,u-VTWD,1,1,0.25,0.125,0.1851851851851852,0.6,0.875,1.0,0.2589703588143526,If,0,0,1,0
1914,tcas,u-VTWD,1,1,0.25,0.125,0.1851851851851852,0.6,0.875,1.0,0.2589703588143526,If,0,0,1,0
1915,tcas,u-VTWD,1,0,0.5,0.25,0.3703703703703704,0.8,0.75,0.9696969696969696,0.0062402496099844,If,0,0,0,1
1916,tcas,u-VTWD,1,0,0.5,0.25,0.3703703703703704,0.8,0.75,0.9696969696969696,0.0062402496099844,If,0,0,0,1
1917,tcas,u-VTWD,1,0,0.75,0.375,0.5555555555555555,1.0,0.625,0.9090909090909092,0.0062402496099844,If,0,0,1,0
1918,tcas,u-VTWD,1,0,0.75,0.375,0.5555555555555555,1.0,0.625,0.9090909090909092,0.0062402496099844,If,0,0,1,0
1919,tcas,u-VTWD,0,1,0.25,1.0,1.0,0.0,0.0,0.0,0.0,Return,0,0,0,1
1920,tcas,u-VTWD,0,1,0.25,1.0,1.0,0.0,0.0,0.0,0.0,Return,0,0,0,1
1921,tcas,u-VVDL,1,1,0.0,0.0,0.0,0.2,1.0,0.981818181818182,1.0,Assignment,0,0,0,1
1922,tcas,u-VVDL,1,1,0.0,0.0,0.0,0.2,1.0,0.981818181818182,1.0,Assignment,0,1,0,0
1923,tcas,u-VVDL,1,1,0.0,0.0,0.0,0.2,1.0,0.981818181818182,1.0,Assignment,0,0,0,1
1924,tcas,u-VVDL,1,1,0.0,0.0,0.0,0.2,1.0,0.981818181818182,1.0,Assignment,0,0,0,1
1925,tcas,u-VVDL,1,1,0.0,0.0,0.0,0.2,1.0,0.981818181818182,1.0,Assignment,0,0,0,1
1926,tcas,u-VVDL,1,1,0.0,0.0,0.0,0.2,1.0,0.981818181818182,1.0,Assignment,0,0,0,1
1927,tcas,u-VVDL,1,1,0.0,0.0,0.0,0.2,1.0,0.981818181818182,1.0,If,0,0,0,1
1928,tcas,u-VVDL,1,1,0.0,0.0,0.0,0.2,1.0,0.981818181818182,1.0,If,1,0,0,1
1929,tcas,u-VVDL,1,1,0.0,0.0,0.0,0.2,1.0,0.981818181818182,1.0,If,0,0,0,1
1930,tcas,u-VVDL,1,1,0.25,0.125,0.1851851851851852,0.6,0.875,1.0,0.2589703588143526,If,0,0,1,0
1931,tcas,u-VVDL,1,1,0.25,0.125,0.1851851851851852,0.6,0.875,1.0,0.2589703588143526,If,0,0,1,0
